196
England_NORW-22D223_2021 0.0000000 0.0019946 0.0009023 0.0016616 0.0021612 0.0014946 0.0021622 0.0024954 0.0026628 0.0013287 0.0068574 0.0013281 0.0010074 0.0030807 0.0023287 0.0016619 0.0031691 0.0018484 0.0021612 0.0018283 0.0020040 0.0014150 0.0025059 0.0029963 0.0003318 0.0023290 0.0013287 0.0020066 0.0004977 0.0071936 0.0013281 0.0016030 0.0028515 0.0013287 0.0011625 0.0018720 0.0026975 0.0011625 0.0017949 0.0019952 0.0019948 0.0011622 0.0014944 0.0048529 0.0019945 0.0024953 0.0019946 0.0023370 0.0020011 0.0021148 0.0018287 0.0018283 0.0023281 0.0021614 0.0021612 0.0019948 0.0023281 0.0019955 0.0021615 0.0080985 0.0021621 0.0019948 0.0021681 0.0011619 0.0011619 0.0028283 0.0010597 0.0019948 0.0021621 0.0020794 0.0018282 0.0015081 0.0018476 0.0016618 0.0027393 0.0018283 0.0023284 0.0016621 0.0017131 0.0019955 0.0020373 0.0023421 0.0018291 0.0016621 0.0018283 0.0019513 0.0028504 0.0021620 0.0011875 0.0068963 0.0075303 0.0023307 0.0021622 0.0021713 0.0014945 0.0012363 0.0018323 0.0021617 0.0025718 0.0019949 0.0019028 0.0013283 0.0019950 0.0026623 0.0021650 0.0013282 0.0024951 0.0016616 0.0018288 0.0070242 0.0023298 0.0018430 0.0026622 0.0069729 0.0021612 0.0014945 0.0016621 0.0025067 0.0073626 0.0019867 0.0018286 0.0019948 0.0021619 0.0018286 0.0014969 0.0013283 0.0019948 0.0021615 0.0018331 0.0018764 0.0016626 0.0079992 0.0073667 0.0016881 0.0023284 0.0072570 0.0018283 0.0020375 0.0024983 0.0010559 0.0021614 0.0024951 0.0013521 0.0021623 0.0029962 0.0020943 0.0070250 0.0073618 0.0019663 0.0030187 0.0015200 0.0020586 0.0021625 0.0071936 0.0018281 0.0072288 0.0021623 0.0016817 0.0013371 0.0018307 0.0021624 0.0020002 0.0075317 0.0019955 0.0030797 0.0021615 0.0016629 0.0015379 0.0011621 0.0029962 0.0020198 0.0018520 0.0073620 0.0078977 0.0018849 0.0082187 0.0009962 0.0016801 0.0073627 0.0015448 0.0014986 0.0011621 0.0020691 0.0015699 0.0011724 0.0021620 0.0021618 0.0009962 0.0015109 0.0073166 0.0071931 0.0078636 0.0069290 0.0014034 0.0067589 0.0017978 
England_NORW-22D1CC_2021 0.0019946 0.0000000 0.0016257 0.0013279 0.0018280 0.0011620 0.0018289 0.0021620 0.0023291 0.0019950 0.0065205 0.0009957 0.0016806 0.0028991 0.0019953 0.0013282 0.0028345 0.0001677 0.0018281 0.0014944 0.0016694 0.0019472 0.0021710 0.0026624 0.0019950 0.0019956 0.0019950 0.0000010 0.0018280 0.0068566 0.0009957 0.0012456 0.0023157 0.0019949 0.0018285 0.0015311 0.0025173 0.0018285 0.0017949 0.0016621 0.0016617 0.0018280 0.0014942 0.0045046 0.0016615 0.0021618 0.0013281 0.0020024 0.0016670 0.0017617 0.0014947 0.0014943 0.0019948 0.0018282 0.0018281 0.0016618 0.0019948 0.0016624 0.0018283 0.0075887 0.0018288 0.0016618 0.0014991 0.0008296 0.0008296 0.0024947 0.0012365 0.0016618 0.0018288 0.0019059 0.0014943 0.0015079 0.0015112 0.0009958 0.0023960 0.0014943 0.0019950 0.0013283 0.0013690 0.0016624 0.0016971 0.0020068 0.0014950 0.0013284 0.0014943 0.0019513 0.0025141 0.0018288 0.0011874 0.0065575 0.0071930 0.0019971 0.0018289 0.0018366 0.0014943 0.0021221 0.0014976 0.0018285 0.0018848 0.0016618 0.0015563 0.0013281 0.0016619 0.0023287 0.0018313 0.0013280 0.0021616 0.0013279 0.0018285 0.0066874 0.0019963 0.0015074 0.0023286 0.0066304 0.0018281 0.0011620 0.0013284 0.0018372 0.0070254 0.0018059 0.0014946 0.0016617 0.0018287 0.0014946 0.0011638 0.0013281 0.0016617 0.0018283 0.0014983 0.0015346 0.0016623 0.0076486 0.0070293 0.0013491 0.0019951 0.0069170 0.0014944 0.0016973 0.0018310 0.0017615 0.0018282 0.0021617 0.0010137 0.0018289 0.0026623 0.0017446 0.0066881 0.0070247 0.0017873 0.0026824 0.0011810 0.0003424 0.0018291 0.0068565 0.0014942 0.0070471 0.0018289 0.0013440 0.0010024 0.0014963 0.0018291 0.0016663 0.0071944 0.0016624 0.0028982 0.0018283 0.0023287 0.0011949 0.0011619 0.0026623 0.0016825 0.0015147 0.0070249 0.0075589 0.0015416 0.0078804 0.0016619 0.0013427 0.0070255 0.0012003 0.0011651 0.0011619 0.0017236 0.0012198 0.0011722 0.0018287 0.0018286 0.0016619 0.0011740 0.0069738 0.0068561 0.0075189 0.0065886 0.0010521 0.0064187 0.0016178 
England_NORW-22D162_2021 0.0009023 0.0016257 0.0000000 0.0012631 0.0018067 0.0010828 0.0018076 0.0021697 0.0023515 0.0009025 0.0067263 0.0009020 0.0005419 0.0026076 0.0019885 0.0012634 0.0028951 0.0014438 0.0018067 0.0012634 0.0016259 0.0007316 0.0019878 0.0027139 0.0009025 0.0019888 0.0009025 0.0016257 0.0007217 0.0069090 0.0009020 0.0012948 0.0023968 0.0007218 0.0007219 0.0012634 0.0024057 0.0005413 0.0013049 0.0016259 0.0016259 0.0007217 0.0010827 0.0044349 0.0016257 0.0019885 0.0014439 0.0018091 0.0016259 0.0014672 0.0014444 0.0012634 0.0019880 0.0018069 0.0018068 0.0016260 0.0019880 0.0016266 0.0018069 0.0078905 0.0018075 0.0016259 0.0018066 0.0007215 0.0007215 0.0025315 0.0007362 0.0016260 0.0018075 0.0018417 0.0014439 0.0010910 0.0014438 0.0012633 0.0023806 0.0014440 0.0018068 0.0012635 0.0012803 0.0016266 0.0016374 0.0019878 0.0014439 0.0012636 0.0012634 0.0014801 0.0025327 0.0018075 0.0007255 0.0067259 0.0072748 0.0019882 0.0018076 0.0018073 0.0009022 0.0007395 0.0014473 0.0016263 0.0021926 0.0016260 0.0014674 0.0009022 0.0014443 0.0021696 0.0018094 0.0009021 0.0021694 0.0012631 0.0016263 0.0067250 0.0019896 0.0014441 0.0023509 0.0067608 0.0018067 0.0010828 0.0012636 0.0021804 0.0070926 0.0015059 0.0014443 0.0016259 0.0016264 0.0014443 0.0010843 0.0009022 0.0016259 0.0018068 0.0014441 0.0014596 0.0012639 0.0075031 0.0070969 0.0012637 0.0019883 0.0069099 0.0014441 0.0016264 0.0021692 0.0005486 0.0018069 0.0021694 0.0009024 0.0018077 0.0027138 0.0016584 0.0067257 0.0070917 0.0016661 0.0027360 0.0010831 0.0016394 0.0018079 0.0069089 0.0014439 0.0069150 0.0018077 0.0010829 0.0009085 0.0012634 0.0018071 0.0016259 0.0072763 0.0016266 0.0026258 0.0018070 0.0012642 0.0010851 0.0007216 0.0027138 0.0016262 0.0012637 0.0070920 0.0076444 0.0014631 0.0080091 0.0005413 0.0012638 0.0070922 0.0010874 0.0010827 0.0007216 0.0016363 0.0010971 0.0007216 0.0018074 0.0016263 0.0005413 0.0009021 0.0070920 0.0069084 0.0075307 0.0068023 0.0009089 0.0065426 0.0014911 
England_NORW-22B37D_2021 0.0016616 0.0013279 0.0012631 0.0000000 0.0014941 0.0008297 0.0014948 0.0018287 0.0019957 0.0016619 0.0061839 0.0006636 0.0013431 0.0025357 0.0016621 0.0009958 0.0025002 0.0011746 0.0014942 0.0011619 0.0013341 0.0017698 0.0018363 0.0023288 0.0016619 0.0016624 0.0016619 0.0013359 0.0014941 0.0065198 0.0006636 0.0000010 0.0021370 0.0016619 0.0014945 0.0011896 0.0021569 0.0014945 0.0014344 0.0013283 0.0013280 0.0014941 0.0011618 0.0041565 0.0013279 0.0018286 0.0013279 0.0016681 0.0013323 0.0014079 0.0011621 0.0011619 0.0016617 0.0014943 0.0014942 0.0013281 0.0016617 0.0013285 0.0014944 0.0072488 0.0014948 0.0013281 0.0014989 0.0004976 0.0004976 0.0021613 0.0008829 0.0013281 0.0014948 0.0015588 0.0011618 0.0011724 0.0011741 0.0009957 0.0020530 0.0011619 0.0016619 0.0009959 0.0010264 0.0013285 0.0013563 0.0016717 0.0011624 0.0009959 0.0011619 0.0015959 0.0021781 0.0014947 0.0008478 0.0062190 0.0068560 0.0016636 0.0014949 0.0015012 0.0011618 0.0017677 0.0011644 0.0014945 0.0018846 0.0013281 0.0012092 0.0009957 0.0013282 0.0019953 0.0014968 0.0009957 0.0018284 0.0009956 0.0014945 0.0063507 0.0016630 0.0011712 0.0019952 0.0062881 0.0014942 0.0008297 0.0009959 0.0018370 0.0066885 0.0016249 0.0011620 0.0013280 0.0014947 0.0011620 0.0008310 0.0009957 0.0013280 0.0014943 0.0011649 0.0011924 0.0013285 0.0072982 0.0066922 0.0010114 0.0016620 0.0065772 0.0011619 0.0013564 0.0018308 0.0014078 0.0014943 0.0018284 0.0006756 0.0014949 0.0023287 0.0013942 0.0063514 0.0066878 0.0014283 0.0023462 0.0008433 0.0013705 0.0014950 0.0065197 0.0011617 0.0066832 0.0014949 0.0010076 0.0006681 0.0011634 0.0014950 0.0013317 0.0068573 0.0013285 0.0025349 0.0014943 0.0019954 0.0008532 0.0008297 0.0023287 0.0013447 0.0011769 0.0066880 0.0072204 0.0011978 0.0075424 0.0013281 0.0010067 0.0066886 0.0008570 0.0008319 0.0008297 0.0013775 0.0008709 0.0008370 0.0014947 0.0014946 0.0013282 0.0008382 0.0066312 0.0065193 0.0071745 0.0062485 0.0007012 0.0060786 0.0001794 
England_NORW-22D2C9_2021 0.0021612 0.0018280 0.0018067 0.0014941 0.0000000 0.0009957 0.0013285 0.0016622 0.0018291 0.0021616 0.0066888 0.0011618 0.0018489 0.0023542 0.0021619 0.0011618 0.0023331 0.0016800 0.0003317 0.0016618 0.0015010 0.0023020 0.0013338 0.0021621 0.0021616 0.0021622 0.0021616 0.0018390 0.0019945 0.0070250 0.0011618 0.0016030 0.0008888 0.0021615 0.0019950 0.0017015 0.0019768 0.0019950 0.0016149 0.0014945 0.0014941 0.0019945 0.0016616 0.0043300 0.0014939 0.0016621 0.0018280 0.0018350 0.0018340 0.0019382 0.0016621 0.0016617 0.0018280 0.0019947 0.0016614 0.0014942 0.0018280 0.0018289 0.0019948 0.0079283 0.0016620 0.0014942 0.0020009 0.0009957 0.0009957 0.0026615 0.0014133 0.0014942 0.0016621 0.0020795 0.0013279 0.0016768 0.0016793 0.0014943 0.0018816 0.0016617 0.0018282 0.0014946 0.0015414 0.0018289 0.0018672 0.0018390 0.0013285 0.0011620 0.0016617 0.0021291 0.0020103 0.0016620 0.0013572 0.0067268 0.0073615 0.0018301 0.0019955 0.0016692 0.0016617 0.0022993 0.0014975 0.0019950 0.0023998 0.0014942 0.0017295 0.0014943 0.0014943 0.0021617 0.0016643 0.0014942 0.0023283 0.0014941 0.0016618 0.0068557 0.0018294 0.0016751 0.0021616 0.0068015 0.0016614 0.0009957 0.0011620 0.0023392 0.0071939 0.0021677 0.0013281 0.0014941 0.0013284 0.0013281 0.0009973 0.0014943 0.0014941 0.0016616 0.0013314 0.0013628 0.0018289 0.0078237 0.0071979 0.0011801 0.0011619 0.0070869 0.0013279 0.0018673 0.0023313 0.0019380 0.0019947 0.0023283 0.0011829 0.0019955 0.0021620 0.0019194 0.0068564 0.0071931 0.0019664 0.0021783 0.0010120 0.0018867 0.0016624 0.0070249 0.0013278 0.0072291 0.0019955 0.0011756 0.0011697 0.0016640 0.0009961 0.0014982 0.0073629 0.0014947 0.0030798 0.0016616 0.0024955 0.0010239 0.0013281 0.0021620 0.0015138 0.0013451 0.0071933 0.0077282 0.0013690 0.0080494 0.0018284 0.0011745 0.0071940 0.0010285 0.0013318 0.0013281 0.0015508 0.0010452 0.0013399 0.0016620 0.0016618 0.0018284 0.0010060 0.0071451 0.0070245 0.0076911 0.0067587 0.0008765 0.0065887 0.0017979 
England_NORW-22D1BD_2021 0.0014946 0.0011620 0.0010828 0.0008297 0.0009957 0.0000000 0.0009962 0.0013286 0.0014952 0.0014948 0.0060174 0.0004977 0.0011753 0.0019916 0.0014951 0.0004977 0.0019994 0.0010069 0.0009958 0.0009960 0.0008335 0.0015930 0.0013341 0.0018291 0.0014949 0.0014953 0.0014948 0.0011690 0.0013282 0.0063532 0.0004977 0.0008896 0.0016021 0.0014948 0.0013286 0.0010198 0.0016170 0.0013286 0.0008962 0.0008299 0.0008297 0.0013283 0.0009959 0.0036356 0.0008296 0.0013285 0.0011620 0.0011665 0.0011658 0.0012320 0.0009962 0.0009960 0.0011620 0.0013284 0.0009958 0.0008298 0.0011620 0.0011626 0.0013284 0.0072504 0.0009961 0.0008297 0.0013325 0.0003318 0.0003318 0.0019952 0.0007064 0.0008298 0.0009962 0.0013848 0.0006636 0.0010050 0.0010065 0.0008298 0.0015392 0.0009960 0.0011622 0.0008300 0.0008554 0.0011626 0.0011869 0.0011690 0.0006640 0.0004978 0.0009960 0.0014178 0.0016749 0.0009961 0.0006783 0.0060515 0.0066894 0.0011633 0.0013289 0.0010004 0.0009959 0.0015911 0.0008316 0.0013286 0.0017134 0.0008298 0.0010365 0.0008298 0.0008298 0.0014950 0.0009975 0.0008298 0.0016624 0.0008297 0.0009960 0.0061842 0.0011629 0.0010040 0.0014949 0.0061187 0.0009958 0.0003318 0.0004978 0.0016701 0.0065219 0.0014435 0.0006638 0.0008297 0.0009961 0.0006638 0.0003323 0.0008298 0.0008297 0.0009959 0.0006654 0.0006811 0.0011626 0.0071252 0.0065255 0.0005055 0.0011622 0.0064092 0.0006637 0.0011870 0.0016645 0.0012319 0.0013284 0.0016624 0.0005067 0.0013289 0.0018290 0.0012200 0.0061848 0.0065212 0.0012499 0.0018428 0.0003372 0.0011993 0.0009963 0.0063532 0.0006636 0.0065032 0.0013289 0.0005036 0.0005011 0.0009973 0.0009963 0.0008320 0.0066907 0.0008300 0.0023541 0.0009959 0.0018292 0.0003411 0.0006638 0.0018290 0.0008401 0.0006723 0.0065214 0.0070531 0.0006842 0.0073755 0.0011622 0.0005032 0.0065220 0.0003427 0.0006656 0.0006638 0.0008606 0.0003482 0.0006697 0.0009961 0.0009960 0.0011623 0.0003352 0.0064618 0.0063528 0.0070044 0.0060802 0.0001752 0.0059104 0.0010775 
England_NORW-22D36C_2021 0.0021622 0.0018289 0.0018076 0.0014948 0.0013285 0.0009962 0.0000000 0.0009959 0.0011623 0.0021626 0.0066920 0.0011624 0.0018498 0.0016285 0.0021629 0.0011624 0.0016652 0.0016808 0.0013286 0.0016626 0.0015017 0.0023031 0.0016699 0.0014947 0.0021627 0.0021632 0.0021626 0.0018399 0.0019955 0.0070283 0.0011624 0.0016038 0.0019596 0.0021625 0.0019960 0.0017023 0.0012561 0.0019960 0.0016157 0.0014952 0.0014948 0.0019955 0.0016624 0.0043321 0.0014946 0.0016629 0.0018289 0.0018359 0.0018349 0.0019391 0.0016629 0.0016625 0.0018289 0.0019957 0.0016622 0.0014949 0.0018289 0.0018297 0.0019958 0.0079321 0.0016628 0.0014949 0.0020019 0.0009962 0.0009962 0.0026627 0.0014140 0.0014949 0.0016629 0.0020806 0.0013285 0.0016776 0.0016801 0.0014950 0.0011957 0.0016625 0.0018291 0.0014953 0.0015422 0.0018297 0.0018681 0.0018399 0.0013291 0.0011625 0.0016625 0.0021301 0.0013383 0.0016628 0.0013579 0.0067300 0.0073650 0.0018310 0.0019965 0.0016700 0.0016625 0.0023004 0.0014992 0.0019959 0.0024010 0.0014949 0.0017303 0.0014950 0.0014950 0.0021627 0.0016651 0.0014949 0.0023294 0.0014948 0.0016626 0.0068589 0.0018302 0.0016759 0.0021626 0.0068048 0.0016622 0.0009962 0.0011625 0.0023403 0.0071973 0.0021688 0.0013288 0.0014948 0.0013290 0.0013288 0.0009977 0.0014950 0.0014948 0.0016624 0.0013320 0.0013635 0.0018297 0.0078276 0.0072013 0.0011807 0.0014953 0.0070903 0.0013286 0.0018682 0.0023324 0.0019390 0.0019957 0.0023294 0.0011834 0.0019965 0.0014947 0.0019203 0.0068596 0.0071965 0.0019673 0.0015059 0.0010124 0.0018876 0.0016631 0.0070282 0.0013284 0.0072328 0.0019965 0.0011762 0.0011703 0.0016648 0.0013293 0.0014989 0.0073664 0.0014954 0.0030814 0.0016624 0.0024967 0.0010244 0.0013288 0.0014947 0.0015146 0.0013457 0.0071967 0.0077319 0.0013696 0.0080532 0.0018292 0.0011751 0.0071974 0.0010290 0.0013324 0.0013288 0.0015515 0.0010457 0.0013405 0.0016628 0.0016626 0.0018293 0.0010064 0.0071485 0.0070278 0.0076948 0.0067619 0.0008770 0.0065918 0.0017988 
England_NORW-22463F_2021 0.0024954 0.0021620 0.0021697 0.0018287 0.0016622 0.0013286 0.0009959 0.0000000 0.0014948 0.0024959 0.0070284 0.0014948 0.0021867 0.0019909 0.0021630 0.0014948 0.0019988 0.0020175 0.0016622 0.0019956 0.0018371 0.0026582 0.0020044 0.0018286 0.0024960 0.0024967 0.0024959 0.0021750 0.0023286 0.0073649 0.0014948 0.0019608 0.0023165 0.0024959 0.0023292 0.0020433 0.0016165 0.0023292 0.0019753 0.0018291 0.0018287 0.0023287 0.0019954 0.0046799 0.0018284 0.0019959 0.0021620 0.0021702 0.0021691 0.0022923 0.0019960 0.0019955 0.0021619 0.0023289 0.0019951 0.0018287 0.0021620 0.0021630 0.0023290 0.0082717 0.0019959 0.0018287 0.0023361 0.0013286 0.0013286 0.0029963 0.0017692 0.0018287 0.0019959 0.0024280 0.0016621 0.0020136 0.0020167 0.0018289 0.0015387 0.0019955 0.0021622 0.0018292 0.0018854 0.0021630 0.0022083 0.0021749 0.0016630 0.0014950 0.0019955 0.0024858 0.0016744 0.0019959 0.0016989 0.0070683 0.0077017 0.0021644 0.0023298 0.0020045 0.0019955 0.0026551 0.0018328 0.0023292 0.0027447 0.0018288 0.0020769 0.0018290 0.0018289 0.0024961 0.0019986 0.0018288 0.0026628 0.0018287 0.0019956 0.0071953 0.0021635 0.0020116 0.0024960 0.0071469 0.0019951 0.0013286 0.0014950 0.0026753 0.0075340 0.0025310 0.0016625 0.0018287 0.0016628 0.0016625 0.0013306 0.0018290 0.0018287 0.0019953 0.0016666 0.0017059 0.0021629 0.0081777 0.0075382 0.0015194 0.0018292 0.0074298 0.0016622 0.0022085 0.0026662 0.0022921 0.0023289 0.0026629 0.0015230 0.0023298 0.0018285 0.0022700 0.0071961 0.0075332 0.0023257 0.0018422 0.0013503 0.0022314 0.0019963 0.0073648 0.0016620 0.0075965 0.0023298 0.0015136 0.0015060 0.0019982 0.0016632 0.0018337 0.0077032 0.0018294 0.0034449 0.0019953 0.0028303 0.0013662 0.0016625 0.0018285 0.0018516 0.0016837 0.0075334 0.0080701 0.0017136 0.0083909 0.0021623 0.0015122 0.0075341 0.0013723 0.0016671 0.0016625 0.0018968 0.0013946 0.0016772 0.0019958 0.0019956 0.0021624 0.0013422 0.0074909 0.0073643 0.0080389 0.0071019 0.0012281 0.0069316 0.0021592 
England_NORW-22465D_2021 0.0026628 0.0023291 0.0023515 0.0019957 0.0018291 0.0014952 0.0011623 0.0014948 0.0000000 0.0026633 0.0071985 0.0016627 0.0023558 0.0021728 0.0026637 0.0016627 0.0021662 0.0021865 0.0018291 0.0021627 0.0020049 0.0028366 0.0021723 0.0019956 0.0026634 0.0026641 0.0026633 0.0023432 0.0024959 0.0075352 0.0016627 0.0021399 0.0024957 0.0026633 0.0024965 0.0022144 0.0000010 0.0024965 0.0021558 0.0019962 0.0019957 0.0024959 0.0021625 0.0048552 0.0019954 0.0021631 0.0023292 0.0023381 0.0023368 0.0024697 0.0021631 0.0021627 0.0023291 0.0024962 0.0021622 0.0019958 0.0023292 0.0023302 0.0024963 0.0084438 0.0021630 0.0019957 0.0025040 0.0014952 0.0014952 0.0031640 0.0019469 0.0019958 0.0021631 0.0026024 0.0018290 0.0021823 0.0021856 0.0019959 0.0017103 0.0021627 0.0023294 0.0019963 0.0020576 0.0023302 0.0023791 0.0023431 0.0018299 0.0016629 0.0021627 0.0026645 0.0001671 0.0021630 0.0018695 0.0072394 0.0078722 0.0023318 0.0024972 0.0021723 0.0021626 0.0028332 0.0020002 0.0024965 0.0029174 0.0019958 0.0022509 0.0019960 0.0019959 0.0026635 0.0021660 0.0019959 0.0028303 0.0019957 0.0021627 0.0073655 0.0023309 0.0021801 0.0026634 0.0073199 0.0021622 0.0014952 0.0016629 0.0028436 0.0077044 0.0027129 0.0018294 0.0019957 0.0018298 0.0018294 0.0014975 0.0019960 0.0019957 0.0021624 0.0018339 0.0018772 0.0023302 0.0083550 0.0077087 0.0016889 0.0019963 0.0076016 0.0018291 0.0023793 0.0028340 0.0024694 0.0024962 0.0028304 0.0016929 0.0024972 0.0019955 0.0024456 0.0073663 0.0077035 0.0025056 0.0020105 0.0015207 0.0024040 0.0021634 0.0075351 0.0018289 0.0077807 0.0024972 0.0016825 0.0016740 0.0021656 0.0018302 0.0020011 0.0078737 0.0019965 0.0036277 0.0021624 0.0029979 0.0015386 0.0018294 0.0019955 0.0020207 0.0018528 0.0077038 0.0079033 0.0018857 0.0085621 0.0023296 0.0016809 0.0077045 0.0015455 0.0018345 0.0018294 0.0020701 0.0015706 0.0018457 0.0021630 0.0021628 0.0023297 0.0015116 0.0076641 0.0075346 0.0082132 0.0072738 0.0014041 0.0071035 0.0023401 
England_NORW-22D205_2021 0.0013287 0.0019950 0.0009025 0.0016619 0.0021616 0.0014948 0.0021626 0.0024959 0.0026633 0.0000000 0.0068587 0.0013283 0.0003355 0.0032634 0.0023291 0.0016622 0.0031697 0.0018487 0.0021616 0.0018287 0.0020043 0.0007068 0.0025063 0.0029969 0.0013290 0.0023294 0.0000010 0.0020070 0.0011624 0.0071950 0.0013283 0.0017819 0.0028521 0.0006637 0.0004978 0.0018724 0.0028786 0.0004978 0.0019753 0.0019956 0.0019952 0.0011624 0.0014947 0.0048538 0.0019949 0.0024957 0.0019950 0.0023374 0.0020015 0.0021152 0.0018290 0.0018286 0.0023285 0.0021618 0.0021616 0.0019952 0.0023285 0.0019959 0.0021619 0.0081001 0.0021625 0.0019952 0.0021685 0.0011621 0.0011621 0.0028289 0.0012369 0.0019952 0.0021625 0.0022537 0.0018285 0.0013404 0.0018480 0.0016621 0.0027398 0.0018286 0.0023288 0.0016624 0.0017134 0.0019959 0.0020377 0.0023425 0.0018295 0.0016624 0.0018286 0.0021296 0.0028509 0.0021624 0.0011878 0.0068976 0.0075317 0.0023312 0.0021626 0.0021717 0.0014948 0.0007060 0.0018326 0.0021621 0.0025722 0.0019953 0.0019032 0.0013285 0.0019954 0.0026628 0.0021654 0.0013284 0.0024955 0.0016619 0.0021621 0.0070256 0.0023302 0.0018433 0.0026627 0.0069742 0.0021616 0.0014948 0.0016624 0.0025072 0.0073640 0.0021683 0.0018289 0.0019951 0.0021623 0.0018289 0.0014971 0.0013285 0.0019951 0.0021619 0.0018334 0.0018767 0.0016629 0.0080008 0.0073681 0.0016884 0.0023289 0.0072584 0.0018286 0.0020379 0.0024987 0.0003516 0.0021618 0.0024956 0.0013524 0.0021626 0.0029967 0.0020947 0.0070263 0.0073632 0.0021460 0.0030193 0.0015202 0.0020590 0.0021629 0.0071949 0.0018284 0.0074129 0.0021626 0.0016820 0.0013373 0.0018311 0.0021628 0.0020006 0.0075331 0.0019959 0.0032624 0.0021619 0.0009962 0.0015382 0.0011623 0.0029967 0.0020202 0.0018523 0.0073634 0.0078992 0.0018852 0.0082202 0.0003318 0.0016804 0.0073641 0.0015451 0.0014988 0.0011623 0.0020695 0.0015702 0.0011726 0.0021624 0.0021622 0.0003318 0.0015112 0.0073180 0.0071944 0.0078651 0.0069303 0.0014037 0.0067602 0.0019785 
England_NORW-22B4C5_2021 0.0068574 0.0065205 0.0067263 0.0061839 0.0066888 0.0060174 0.0066920 0.0070284 0.0071985 0.0068587 0.0000000 0.0058483 0.0065956 0.0082092 0.0068598 0.0061852 0.0077179 0.0064233 0.0066890 0.0063532 0.0065514 0.0073072 0.0070580 0.0075349 0.0068589 0.0068608 0.0068587 0.0065600 0.0066888 0.0003315 0.0058483 0.0064515 0.0075296 0.0068586 0.0066905 0.0065059 0.0076002 0.0066905 0.0068640 0.0065227 0.0065213 0.0066889 0.0063525 0.0053766 0.0065203 0.0070279 0.0065206 0.0067143 0.0063721 0.0067362 0.0063544 0.0063530 0.0068580 0.0066895 0.0066891 0.0065214 0.0068581 0.0065237 0.0066899 0.0055467 0.0066917 0.0065214 0.0067105 0.0056805 0.0056805 0.0073635 0.0062252 0.0065214 0.0066918 0.0067988 0.0063527 0.0064109 0.0062495 0.0061847 0.0072317 0.0063530 0.0068589 0.0061858 0.0063767 0.0065237 0.0064879 0.0067289 0.0063559 0.0061861 0.0063530 0.0069617 0.0074212 0.0066916 0.0059765 0.0045258 0.0050013 0.0068660 0.0066922 0.0067206 0.0063528 0.0071179 0.0023330 0.0066904 0.0070696 0.0065216 0.0064372 0.0061848 0.0065220 0.0071971 0.0067008 0.0061844 0.0070273 0.0061839 0.0066906 0.0044986 0.0068632 0.0062337 0.0071967 0.0045759 0.0066890 0.0060173 0.0061861 0.0070604 0.0048344 0.0070889 0.0063541 0.0065211 0.0066913 0.0063541 0.0060267 0.0061848 0.0065211 0.0066898 0.0063699 0.0065211 0.0061877 0.0055448 0.0048371 0.0061112 0.0068592 0.0047076 0.0063531 0.0064885 0.0070364 0.0067356 0.0066895 0.0070274 0.0057827 0.0066922 0.0075346 0.0066703 0.0044991 0.0048339 0.0068347 0.0075917 0.0059441 0.0065562 0.0066929 0.0046666 0.0063523 0.0046819 0.0066922 0.0062593 0.0058882 0.0063616 0.0066929 0.0065391 0.0053369 0.0065237 0.0078378 0.0066898 0.0071973 0.0060146 0.0060170 0.0075346 0.0064318 0.0062643 0.0048340 0.0053569 0.0063761 0.0056813 0.0065218 0.0060823 0.0048345 0.0060418 0.0060336 0.0060170 0.0065897 0.0061405 0.0058999 0.0066915 0.0066908 0.0065220 0.0059086 0.0049173 0.0046663 0.0054511 0.0043778 0.0060032 0.0043781 0.0066934 
England_NORW-22D27E_2021 0.0013281 0.0009957 0.0009020 0.0006636 0.0011618 0.0004977 0.0011624 0.0014948 0.0016627 0.0013283 0.0058483 0.0000000 0.0010071 0.0021729 0.0013285 0.0006637 0.0021663 0.0008388 0.0011619 0.0008297 0.0010004 0.0014145 0.0015011 0.0019956 0.0013284 0.0013287 0.0013283 0.0010017 0.0011618 0.0061839 0.0000010 0.0007114 0.0017804 0.0013283 0.0011621 0.0008495 0.0017969 0.0011621 0.0010755 0.0009960 0.0009958 0.0011618 0.0008296 0.0038092 0.0009957 0.0014948 0.0009957 0.0013333 0.0009990 0.0010556 0.0008299 0.0008297 0.0013282 0.0011619 0.0011619 0.0009958 0.0013282 0.0009962 0.0011620 0.0070794 0.0011623 0.0009958 0.0011656 0.0001658 0.0001658 0.0018284 0.0005296 0.0009958 0.0011623 0.0012113 0.0008297 0.0008372 0.0005030 0.0006636 0.0017104 0.0004977 0.0013283 0.0006638 0.0003420 0.0009962 0.0010170 0.0013362 0.0008301 0.0006638 0.0008297 0.0012401 0.0018426 0.0011623 0.0005086 0.0058814 0.0065200 0.0013297 0.0011624 0.0011673 0.0008297 0.0014129 0.0008315 0.0011621 0.0015415 0.0009959 0.0008635 0.0006637 0.0009959 0.0016624 0.0011639 0.0006636 0.0014946 0.0003317 0.0011621 0.0060150 0.0013292 0.0008364 0.0016623 0.0059467 0.0011618 0.0004977 0.0006638 0.0015016 0.0063525 0.0012626 0.0008298 0.0009958 0.0011622 0.0008298 0.0004985 0.0006637 0.0009958 0.0011620 0.0008319 0.0008515 0.0009962 0.0069489 0.0063561 0.0006741 0.0013284 0.0062384 0.0008297 0.0010171 0.0014965 0.0010555 0.0011619 0.0014946 0.0003377 0.0011624 0.0019956 0.0010454 0.0060156 0.0063518 0.0010710 0.0020106 0.0005058 0.0010276 0.0011625 0.0061839 0.0008296 0.0063203 0.0011624 0.0006716 0.0000010 0.0008308 0.0011625 0.0009985 0.0065212 0.0009962 0.0021722 0.0011620 0.0016624 0.0005118 0.0004977 0.0019956 0.0010083 0.0008404 0.0063520 0.0068829 0.0008554 0.0072054 0.0009959 0.0006710 0.0063526 0.0005141 0.0001663 0.0004977 0.0010328 0.0005224 0.0005021 0.0011623 0.0011622 0.0009959 0.0005028 0.0062896 0.0061835 0.0068312 0.0059093 0.0003505 0.0057395 0.0008976 
England_NORW-22D180_2021 0.0010074 0.0016806 0.0005419 0.0013431 0.0018489 0.0011753 0.0018498 0.0021867 0.0023558 0.0003355 0.0065956 0.0010071 0.0000000 0.0029066 0.0020181 0.0013434 0.0028662 0.0015267 0.0018490 0.0015125 0.0016817 0.0003533 0.0021864 0.0026930 0.0010076 0.0020184 0.0003355 0.0016857 0.0008393 0.0069356 0.0010071 0.0014273 0.0025004 0.0003355 0.0001677 0.0015363 0.0025213 0.0001677 0.0016193 0.0016811 0.0016808 0.0008393 0.0011752 0.0045483 0.0016805 0.0021866 0.0016806 0.0020255 0.0016862 0.0017646 0.0015128 0.0015124 0.0020176 0.0018491 0.0018490 0.0016808 0.0020176 0.0016814 0.0018492 0.0078484 0.0018497 0.0016808 0.0018550 0.0008391 0.0008391 0.0025233 0.0008852 0.0016808 0.0018498 0.0019136 0.0015124 0.0010163 0.0015286 0.0013432 0.0024208 0.0015124 0.0020179 0.0013435 0.0013724 0.0016814 0.0017145 0.0020299 0.0015131 0.0013436 0.0015124 0.0017784 0.0025289 0.0018497 0.0008576 0.0066335 0.0071060 0.0020200 0.0018499 0.0018578 0.0011753 0.0003529 0.0015158 0.0018494 0.0022389 0.0016809 0.0015601 0.0010072 0.0016810 0.0023554 0.0018523 0.0010072 0.0021864 0.0013431 0.0018494 0.0067644 0.0020191 0.0015247 0.0023552 0.0067001 0.0018490 0.0011753 0.0013436 0.0021967 0.0071064 0.0018104 0.0015127 0.0016807 0.0018496 0.0015127 0.0011771 0.0010072 0.0016807 0.0018492 0.0015165 0.0015527 0.0013439 0.0077149 0.0071104 0.0013648 0.0020179 0.0069974 0.0015125 0.0017171 0.0021892 0.0000010 0.0018491 0.0021864 0.0010255 0.0018499 0.0026928 0.0017560 0.0065953 0.0071056 0.0017918 0.0027133 0.0011945 0.0017313 0.0018501 0.0069355 0.0015123 0.0070652 0.0018499 0.0013595 0.0010140 0.0015145 0.0018501 0.0016854 0.0072773 0.0016814 0.0029056 0.0018492 0.0006714 0.0012055 0.0008393 0.0026928 0.0017020 0.0015323 0.0069359 0.0076464 0.0015595 0.0079714 0.0000010 0.0013583 0.0069366 0.0012032 0.0011785 0.0008393 0.0017349 0.0012228 0.0008468 0.0018497 0.0018495 0.0000010 0.0010176 0.0068827 0.0067652 0.0076074 0.0066653 0.0010548 0.0064933 0.0016220 
England_NORW-22466C_2021 0.0030807 0.0028991 0.0026076 0.0025357 0.0023542 0.0019916 0.0016285 0.0019909 0.0021728 0.0032634 0.0082092 0.0021729 0.0029066 0.0000000 0.0032640 0.0021729 0.0014458 0.0027172 0.0023543 0.0027178 0.0025357 0.0033124 0.0027178 0.0012649 0.0030815 0.0032645 0.0032634 0.0028991 0.0030808 0.0085764 0.0021729 0.0025844 0.0027522 0.0032634 0.0030817 0.0027219 0.0022073 0.0030817 0.0025855 0.0025357 0.0025357 0.0028989 0.0027175 0.0052965 0.0025353 0.0023550 0.0027176 0.0027246 0.0029020 0.0029266 0.0027184 0.0027177 0.0028991 0.0030812 0.0023542 0.0025358 0.0027176 0.0028992 0.0030812 0.0095770 0.0027183 0.0025358 0.0029076 0.0019916 0.0019916 0.0038090 0.0022031 0.0025358 0.0027183 0.0029391 0.0023539 0.0025597 0.0025586 0.0025360 0.0020136 0.0027177 0.0027173 0.0023548 0.0023738 0.0028992 0.0029210 0.0029102 0.0023541 0.0021732 0.0027177 0.0029531 0.0023542 0.0027182 0.0023791 0.0080545 0.0089440 0.0028996 0.0030810 0.0027270 0.0027176 0.0033268 0.0025420 0.0030816 0.0034707 0.0025359 0.0025586 0.0025361 0.0025361 0.0030816 0.0027183 0.0025359 0.0034454 0.0025357 0.0027178 0.0083912 0.0029014 0.0027328 0.0032635 0.0082406 0.0027171 0.0019915 0.0021732 0.0034545 0.0087610 0.0029986 0.0023546 0.0025357 0.0019921 0.0023546 0.0019916 0.0025361 0.0025357 0.0027173 0.0023610 0.0022012 0.0028991 0.0090448 0.0085757 0.0020127 0.0025365 0.0084196 0.0023542 0.0027464 0.0034452 0.0027707 0.0030812 0.0034455 0.0020127 0.0030814 0.0012649 0.0027692 0.0083921 0.0087600 0.0027731 0.0012747 0.0018261 0.0027644 0.0025369 0.0085763 0.0023539 0.0082066 0.0028997 0.0020061 0.0021878 0.0027177 0.0023557 0.0023611 0.0087621 0.0025368 0.0039431 0.0027175 0.0036282 0.0018301 0.0023547 0.0012649 0.0023792 0.0021917 0.0087603 0.0093122 0.0022178 0.0096825 0.0028997 0.0020099 0.0087612 0.0018388 0.0021796 0.0023547 0.0023847 0.0018453 0.0023710 0.0027182 0.0023549 0.0028998 0.0016426 0.0084791 0.0085757 0.0085623 0.0083029 0.0016476 0.0080892 0.0025960 
England_NORW-22464E_2021 0.0023287 0.0019953 0.0019885 0.0016621 0.0021619 0.0014951 0.0021629 0.0021630 0.0026637 0.0023291 0.0068598 0.0013285 0.0020181 0.0032640 0.0000000 0.0016625 0.0031702 0.0018490 0.0021620 0.0014944 0.0020047 0.0024805 0.0025068 0.0029974 0.0023292 0.0023298 0.0023291 0.0020073 0.0021619 0.0071962 0.0013285 0.0017822 0.0028526 0.0023291 0.0021624 0.0015311 0.0028791 0.0021624 0.0021555 0.0019959 0.0019955 0.0021619 0.0018288 0.0048546 0.0019952 0.0024961 0.0019953 0.0023378 0.0016671 0.0017617 0.0018293 0.0014944 0.0023289 0.0021621 0.0021620 0.0019955 0.0023289 0.0016624 0.0021622 0.0081014 0.0021628 0.0019955 0.0021689 0.0011623 0.0011623 0.0024948 0.0015920 0.0019955 0.0021629 0.0019060 0.0018288 0.0018455 0.0018483 0.0016623 0.0027403 0.0018289 0.0023292 0.0016626 0.0017137 0.0016624 0.0016972 0.0023429 0.0018298 0.0016627 0.0014944 0.0019514 0.0028513 0.0021628 0.0015287 0.0068987 0.0075329 0.0023315 0.0018290 0.0021721 0.0018288 0.0024776 0.0018329 0.0018285 0.0025727 0.0019956 0.0015563 0.0016624 0.0019957 0.0026632 0.0021657 0.0016623 0.0024959 0.0016621 0.0021625 0.0070267 0.0023306 0.0015074 0.0026631 0.0069754 0.0021619 0.0014951 0.0016627 0.0025076 0.0073652 0.0023497 0.0018292 0.0019954 0.0021627 0.0018292 0.0014974 0.0016624 0.0019954 0.0021622 0.0018337 0.0018770 0.0019962 0.0080021 0.0073693 0.0016887 0.0023292 0.0072596 0.0018289 0.0020382 0.0024991 0.0021154 0.0021621 0.0021617 0.0013526 0.0018290 0.0029972 0.0017446 0.0070274 0.0073644 0.0017873 0.0030198 0.0015205 0.0020594 0.0021632 0.0071961 0.0018287 0.0074142 0.0018290 0.0016823 0.0013375 0.0014964 0.0021632 0.0020009 0.0075344 0.0019962 0.0028983 0.0021622 0.0026633 0.0015384 0.0014950 0.0029972 0.0020205 0.0018526 0.0073646 0.0079005 0.0018855 0.0082216 0.0019956 0.0016807 0.0073653 0.0015453 0.0014991 0.0014950 0.0020698 0.0015705 0.0015092 0.0021628 0.0021625 0.0019957 0.0015114 0.0073192 0.0071956 0.0078664 0.0069315 0.0014039 0.0067613 0.0019788 
England_NORW-22B085_2021 0.0016619 0.0013282 0.0012634 0.0009958 0.0011618 0.0004977 0.0011624 0.0014948 0.0016627 0.0016622 0.0061852 0.0006637 0.0013434 0.0021729 0.0016625 0.0000000 0.0021662 0.0011749 0.0011618 0.0011621 0.0010004 0.0017702 0.0015011 0.0019956 0.0016623 0.0016627 0.0016622 0.0013362 0.0014944 0.0065211 0.0006637 0.0010676 0.0017804 0.0016622 0.0014948 0.0011899 0.0017969 0.0014948 0.0010755 0.0009960 0.0009958 0.0014944 0.0011620 0.0038091 0.0009956 0.0014947 0.0013282 0.0013333 0.0013325 0.0014082 0.0011623 0.0011621 0.0013282 0.0014946 0.0011619 0.0009958 0.0013282 0.0013288 0.0014947 0.0074198 0.0011623 0.0009958 0.0014992 0.0004977 0.0004977 0.0021618 0.0008831 0.0009958 0.0011623 0.0015591 0.0008296 0.0011726 0.0011744 0.0009959 0.0017104 0.0011621 0.0013283 0.0009961 0.0010266 0.0013288 0.0013566 0.0013361 0.0008301 0.0006638 0.0011621 0.0015963 0.0018426 0.0011623 0.0008480 0.0062203 0.0068574 0.0013297 0.0014952 0.0011673 0.0011620 0.0017681 0.0009980 0.0014948 0.0018850 0.0009958 0.0012094 0.0009959 0.0009959 0.0016623 0.0011639 0.0009959 0.0018288 0.0009958 0.0011621 0.0063520 0.0013291 0.0011714 0.0016622 0.0062894 0.0011618 0.0004977 0.0006638 0.0018373 0.0066899 0.0016252 0.0008298 0.0009958 0.0011622 0.0008298 0.0004985 0.0009959 0.0009958 0.0011620 0.0008319 0.0008515 0.0013288 0.0072998 0.0066936 0.0006741 0.0013284 0.0065786 0.0008297 0.0013567 0.0018311 0.0014080 0.0014946 0.0018288 0.0006757 0.0014952 0.0019955 0.0013945 0.0063527 0.0066891 0.0014286 0.0020105 0.0005058 0.0013708 0.0011625 0.0065211 0.0008296 0.0066846 0.0014952 0.0006716 0.0006682 0.0011636 0.0011625 0.0009985 0.0068587 0.0009962 0.0025355 0.0011620 0.0019958 0.0005118 0.0008298 0.0019955 0.0010082 0.0008404 0.0066893 0.0072219 0.0008553 0.0075439 0.0013284 0.0006710 0.0066900 0.0005141 0.0008321 0.0008298 0.0010328 0.0005224 0.0008372 0.0011623 0.0011621 0.0013285 0.0005028 0.0066326 0.0065206 0.0071760 0.0062498 0.0003505 0.0060799 0.0012573 
England_NORW-22D302_2021 0.0031691 0.0028345 0.0028951 0.0025002 0.0023331 0.0019994 0.0016652 0.0019988 0.0021662 0.0031697 0.0077179 0.0021663 0.0028662 0.0014458 0.0031702 0.0021662 0.0000000 0.0026971 0.0023332 0.0026677 0.0025117 0.0033695 0.0026786 0.0001662 0.0031698 0.0031707 0.0031697 0.0028516 0.0030017 0.0080554 0.0021663 0.0026757 0.0030315 0.0031697 0.0030025 0.0027263 0.0023367 0.0030025 0.0026956 0.0025007 0.0025002 0.0030018 0.0026674 0.0053828 0.0024998 0.0026682 0.0028345 0.0028454 0.0028439 0.0029998 0.0026682 0.0026676 0.0028345 0.0030020 0.0026671 0.0025002 0.0028345 0.0028359 0.0030022 0.0089706 0.0026681 0.0025002 0.0030114 0.0019994 0.0019994 0.0036717 0.0024787 0.0025002 0.0026682 0.0031286 0.0023330 0.0026919 0.0026960 0.0025004 0.0022285 0.0026676 0.0028349 0.0025009 0.0025759 0.0028359 0.0028954 0.0028516 0.0023342 0.0021666 0.0026676 0.0031984 0.0023502 0.0026681 0.0023848 0.0077619 0.0083934 0.0028378 0.0030032 0.0026796 0.0026675 0.0033655 0.0025058 0.0030025 0.0034333 0.0025003 0.0027736 0.0025005 0.0025005 0.0031700 0.0026717 0.0025003 0.0033372 0.0025002 0.0026677 0.0078853 0.0028366 0.0026892 0.0031698 0.0078329 0.0026670 0.0019994 0.0021666 0.0033528 0.0082252 0.0032565 0.0023335 0.0025001 0.0023340 0.0023335 0.0020025 0.0025005 0.0025001 0.0026674 0.0023393 0.0023947 0.0028358 0.0088978 0.0082297 0.0022005 0.0025009 0.0081267 0.0023332 0.0028957 0.0033415 0.0029996 0.0030020 0.0033372 0.0022057 0.0030033 0.0001662 0.0029766 0.0078861 0.0082242 0.0030435 0.0001674 0.0020321 0.0029258 0.0026686 0.0080554 0.0023329 0.0083261 0.0030033 0.0021921 0.0021810 0.0026712 0.0023345 0.0025070 0.0083950 0.0025011 0.0041732 0.0026674 0.0035053 0.0020561 0.0023335 0.0001662 0.0025316 0.0023634 0.0082245 0.0087656 0.0024055 0.0090860 0.0028350 0.0021901 0.0082253 0.0020636 0.0023400 0.0023335 0.0025935 0.0020948 0.0023543 0.0026681 0.0026678 0.0028352 0.0020200 0.0081936 0.0080548 0.0087464 0.0077988 0.0019325 0.0076280 0.0028810 
England_NORW-22D1AE_2021 0.0018484 0.0001677 0.0014438 0.0011746 0.0016800 0.0010069 0.0016808 0.0020175 0.0021865 0.0018487 0.0064233 0.0008388 0.0015267 0.0027172 0.0018490 0.0011749 0.0026971 0.0000000 0.0016801 0.0013429 0.0015165 0.0017698 0.0020227 0.0025234 0.0018488 0.0018493 0.0018487 0.0001683 0.0016800 0.0067630 0.0008388 0.0010677 0.0021515 0.0018487 0.0016804 0.0013613 0.0023369 0.0016804 0.0016168 0.0015123 0.0015119 0.0016800 0.0013427 0.0043678 0.0015117 0.0018490 0.0011748 0.0018557 0.0015168 0.0015981 0.0013431 0.0013428 0.0018486 0.0016802 0.0016801 0.0015120 0.0018486 0.0015125 0.0016803 0.0075024 0.0016807 0.0015120 0.0013472 0.0006710 0.0006710 0.0023539 0.0010674 0.0015120 0.0016808 0.0017470 0.0013428 0.0013551 0.0013572 0.0008389 0.0022451 0.0013428 0.0018488 0.0011750 0.0012080 0.0015125 0.0015395 0.0018598 0.0013435 0.0011750 0.0013428 0.0017867 0.0023643 0.0016807 0.0010273 0.0064601 0.0071031 0.0018507 0.0016809 0.0016880 0.0013428 0.0019608 0.0013458 0.0016804 0.0017299 0.0015120 0.0013932 0.0011748 0.0015121 0.0021860 0.0016830 0.0011747 0.0020172 0.0011746 0.0016805 0.0065919 0.0018499 0.0013531 0.0021859 0.0065159 0.0016800 0.0010069 0.0011750 0.0016885 0.0069337 0.0016372 0.0013431 0.0015119 0.0015124 0.0013431 0.0010083 0.0011748 0.0015119 0.0016803 0.0013464 0.0013652 0.0015125 0.0074743 0.0069376 0.0011898 0.0018488 0.0067894 0.0013429 0.0015330 0.0016828 0.0015850 0.0016802 0.0020172 0.0008501 0.0016809 0.0025233 0.0015706 0.0065926 0.0069329 0.0016082 0.0025425 0.0010187 0.0001713 0.0016810 0.0067629 0.0013427 0.0068647 0.0016809 0.0011869 0.0008446 0.0013446 0.0016810 0.0015161 0.0071045 0.0015125 0.0027163 0.0016803 0.0021861 0.0010252 0.0010068 0.0025233 0.0015306 0.0013570 0.0069331 0.0074605 0.0013788 0.0077979 0.0015120 0.0011879 0.0069337 0.0010346 0.0010096 0.0010068 0.0015509 0.0010452 0.0010159 0.0016807 0.0016805 0.0015121 0.0010174 0.0068465 0.0067625 0.0074307 0.0064911 0.0008766 0.0063152 0.0014367 
England_NORW-22D34E_2021 0.0021612 0.0018281 0.0018067 0.0014942 0.0003317 0.0009958 0.0013286 0.0016622 0.0018291 0.0021616 0.0066890 0.0011619 0.0018490 0.0023543 0.0021620 0.0011618 0.0023332 0.0016801 0.0000000 0.0016618 0.0015010 0.0023020 0.0013338 0.0021622 0.0021617 0.0021623 0.0021616 0.0018391 0.0019946 0.0070251 0.0011619 0.0016031 0.0008889 0.0021616 0.0019951 0.0017015 0.0019769 0.0019951 0.0016149 0.0014945 0.0014942 0.0019946 0.0016617 0.0043301 0.0014940 0.0016621 0.0018281 0.0018351 0.0018341 0.0019382 0.0016621 0.0016618 0.0018281 0.0019948 0.0016615 0.0014942 0.0018281 0.0018289 0.0019949 0.0079285 0.0016621 0.0014942 0.0020010 0.0009958 0.0009958 0.0026615 0.0014134 0.0014942 0.0016621 0.0020796 0.0013279 0.0016768 0.0016794 0.0014943 0.0018817 0.0016618 0.0018283 0.0014946 0.0015415 0.0018289 0.0018672 0.0018390 0.0013286 0.0011620 0.0016618 0.0021291 0.0020103 0.0016621 0.0013572 0.0067270 0.0073617 0.0018301 0.0019956 0.0016692 0.0016617 0.0022994 0.0014975 0.0019950 0.0023999 0.0014943 0.0017295 0.0014944 0.0014944 0.0021618 0.0016643 0.0014943 0.0023283 0.0014942 0.0016618 0.0068558 0.0018294 0.0016752 0.0021617 0.0068017 0.0016614 0.0009957 0.0011620 0.0023392 0.0071941 0.0021677 0.0013282 0.0014941 0.0013284 0.0013282 0.0009973 0.0014944 0.0014941 0.0016616 0.0013314 0.0013628 0.0018289 0.0078239 0.0071981 0.0011801 0.0011619 0.0070870 0.0013280 0.0018674 0.0023313 0.0019381 0.0019948 0.0023284 0.0011829 0.0019956 0.0021621 0.0019194 0.0068565 0.0071933 0.0019664 0.0021783 0.0010120 0.0018867 0.0016624 0.0070251 0.0013278 0.0072293 0.0019956 0.0011757 0.0011697 0.0016640 0.0009961 0.0014982 0.0073631 0.0014947 0.0030799 0.0016616 0.0024955 0.0010239 0.0013282 0.0021621 0.0015139 0.0013451 0.0071935 0.0077283 0.0013690 0.0080496 0.0018284 0.0011746 0.0071941 0.0010285 0.0013318 0.0013282 0.0015508 0.0010452 0.0013399 0.0016620 0.0016619 0.0018285 0.0010060 0.0071452 0.0070246 0.0076913 0.0067588 0.0008765 0.0065888 0.0017979 
England_NORW-22B00D_2021 0.0018283 0.0014944 0.0012634 0.0011619 0.0016618 0.0009960 0.0016626 0.0019956 0.0021627 0.0018287 0.0063532 0.0008297 0.0015125 0.0027178 0.0014944 0.0011621 0.0026677 0.0013429 0.0016618 0.0000000 0.0015014 0.0019474 0.0020039 0.0024960 0.0018287 0.0018292 0.0018287 0.0015034 0.0016618 0.0066892 0.0008297 0.0010676 0.0021375 0.0018286 0.0016622 0.0010193 0.0021574 0.0016622 0.0014348 0.0014949 0.0014945 0.0016618 0.0013282 0.0043312 0.0014943 0.0019955 0.0014944 0.0016685 0.0004992 0.0010554 0.0013285 0.0000010 0.0018285 0.0016620 0.0016619 0.0014946 0.0018285 0.0011621 0.0016620 0.0075894 0.0016625 0.0014946 0.0016671 0.0006637 0.0006637 0.0013281 0.0008831 0.0014946 0.0016625 0.0012111 0.0013282 0.0013403 0.0011744 0.0011620 0.0020535 0.0013283 0.0018287 0.0011622 0.0011979 0.0011621 0.0003388 0.0016721 0.0013289 0.0011623 0.0000010 0.0012399 0.0023464 0.0016625 0.0008480 0.0063892 0.0070255 0.0018306 0.0013283 0.0015015 0.0013282 0.0017681 0.0013311 0.0003318 0.0018850 0.0014946 0.0001726 0.0011620 0.0014947 0.0021623 0.0016647 0.0011620 0.0019953 0.0011619 0.0016622 0.0065200 0.0018299 0.0001672 0.0021622 0.0062895 0.0016618 0.0009960 0.0011623 0.0020046 0.0068580 0.0016253 0.0013285 0.0014945 0.0016624 0.0013285 0.0009975 0.0011620 0.0014945 0.0016620 0.0013318 0.0013632 0.0014951 0.0073000 0.0068618 0.0010117 0.0018288 0.0067481 0.0013283 0.0013568 0.0019979 0.0014080 0.0016620 0.0009959 0.0006757 0.0013283 0.0024959 0.0010451 0.0065207 0.0068572 0.0010707 0.0025146 0.0008434 0.0013708 0.0016628 0.0066891 0.0013281 0.0066846 0.0013283 0.0011760 0.0008353 0.0000010 0.0016628 0.0014986 0.0070269 0.0014951 0.0014461 0.0016620 0.0021623 0.0008534 0.0009959 0.0024959 0.0013450 0.0011772 0.0068574 0.0073907 0.0011981 0.0077125 0.0014947 0.0010069 0.0068581 0.0008572 0.0009987 0.0009959 0.0013777 0.0008711 0.0008372 0.0016624 0.0016623 0.0014947 0.0008384 0.0066328 0.0066887 0.0071762 0.0064195 0.0007013 0.0060801 0.0012573 
