197
NC_045512.2              0.0000000 0.0058350 0.0054897 0.0055953 0.0051447 0.0056623 0.0049737 0.0056651 0.0060100 0.0061842 0.0058362 0.0032480 0.0048005 0.0055530 0.0071130 0.0058372 0.0051458 0.0067146 0.0053766 0.0056624 0.0053180 0.0055157 0.0062174 0.0060352 0.0065293 0.0058364 0.0058381 0.0058362 0.0055229 0.0056622 0.0035908 0.0048005 0.0053320 0.0064380 0.0058361 0.0056637 0.0054457 0.0064985 0.0056637 0.0057451 0.0054916 0.0054904 0.0056623 0.0053174 0.0031978 0.0054895 0.0060096 0.0054898 0.0056838 0.0053338 0.0056382 0.0053190 0.0053179 0.0058356 0.0056629 0.0056625 0.0054905 0.0058357 0.0054924 0.0056632 0.0034437 0.0056648 0.0054905 0.0056806 0.0046284 0.0046284 0.0063539 0.0051095 0.0054905 0.0056649 0.0057238 0.0053176 0.0053663 0.0051991 0.0051453 0.0061838 0.0053179 0.0058364 0.0051463 0.0053050 0.0054924 0.0054307 0.0056961 0.0053203 0.0051466 0.0053179 0.0058608 0.0064037 0.0056647 0.0049056 0.0024039 0.0029032 0.0058424 0.0056651 0.0056891 0.0053177 0.0060251 0.0006827 0.0056637 0.0060154 0.0054907 0.0053552 0.0051455 0.0054910 0.0061830 0.0056724 0.0051451 0.0060091 0.0051447 0.0056639 0.0023894 0.0058400 0.0051860 0.0061826 0.0024304 0.0056624 0.0049736 0.0051466 0.0060373 0.0027323 0.0059677 0.0053188 0.0054902 0.0056644 0.0053188 0.0049814 0.0051455 0.0054902 0.0056631 0.0053320 0.0054585 0.0051478 0.0033723 0.0027338 0.0050511 0.0058366 0.0025833 0.0053180 0.0054311 0.0060168 0.0056378 0.0056629 0.0060092 0.0047116 0.0056652 0.0065290 0.0055833 0.0023897 0.0027320 0.0057206 0.0065784 0.0048791 0.0054878 0.0056659 0.0025609 0.0053173 0.0025822 0.0056652 0.0052074 0.0048332 0.0053250 0.0056657 0.0055054 0.0032461 0.0054925 0.0069207 0.0056631 0.0061831 0.0049369 0.0049733 0.0065290 0.0053837 0.0052115 0.0027321 0.0032582 0.0053045 0.0035947 0.0054908 0.0050273 0.0027323 0.0049591 0.0049870 0.0049733 0.0055158 0.0050402 0.0048428 0.0056646 0.0056640 0.0054910 0.0048500 0.0027790 0.0025607 0.0033154 0.0022421 0.0048911 0.0022423 0.0050070 
England_NORW-22D223_2021 0.0058350 0.0000000 0.0020489 0.0009267 0.0017068 0.0022201 0.0015363 0.0022212 0.0025636 0.0027356 0.0013658 0.0070466 0.0013651 0.0010346 0.0031649 0.0023922 0.0017072 0.0032558 0.0018987 0.0022201 0.0018781 0.0020586 0.0014545 0.0025743 0.0030782 0.0003408 0.0023926 0.0013658 0.0020613 0.0005112 0.0073922 0.0013651 0.0016466 0.0029294 0.0013658 0.0011939 0.0019230 0.0027712 0.0011939 0.0018438 0.0020496 0.0020492 0.0011936 0.0015361 0.0049861 0.0020489 0.0025634 0.0020490 0.0024008 0.0020557 0.0021725 0.0018785 0.0018781 0.0023916 0.0022203 0.0022202 0.0020492 0.0023916 0.0020499 0.0022204 0.0083226 0.0022210 0.0020492 0.0022272 0.0011933 0.0011933 0.0029056 0.0010884 0.0020492 0.0022211 0.0021361 0.0018780 0.0015502 0.0018980 0.0017070 0.0028142 0.0018781 0.0023919 0.0017074 0.0017597 0.0020499 0.0020929 0.0024060 0.0018790 0.0017074 0.0018781 0.0020045 0.0029282 0.0022210 0.0012207 0.0070866 0.0077383 0.0023943 0.0022212 0.0022306 0.0015362 0.0012709 0.0018822 0.0022206 0.0026419 0.0020493 0.0019547 0.0013653 0.0020494 0.0027350 0.0022240 0.0013652 0.0025632 0.0017068 0.0018786 0.0072181 0.0023933 0.0018932 0.0027349 0.0071653 0.0022201 0.0015363 0.0017074 0.0025752 0.0075660 0.0020409 0.0018784 0.0020491 0.0022209 0.0018784 0.0015387 0.0013653 0.0020491 0.0022204 0.0018831 0.0019275 0.0017078 0.0082206 0.0075701 0.0017341 0.0023920 0.0074574 0.0018781 0.0020930 0.0025665 0.0010845 0.0022203 0.0025632 0.0013899 0.0022212 0.0030781 0.0021514 0.0072188 0.0075651 0.0020199 0.0031012 0.0015613 0.0021148 0.0022215 0.0073921 0.0018779 0.0074283 0.0022212 0.0017275 0.0013744 0.0018806 0.0022214 0.0020547 0.0077398 0.0020500 0.0031639 0.0022204 0.0017082 0.0015798 0.0011935 0.0030781 0.0020748 0.0019025 0.0075654 0.0081159 0.0019363 0.0084461 0.0010231 0.0017259 0.0075660 0.0015869 0.0015404 0.0011935 0.0021255 0.0016127 0.0012041 0.0022210 0.0022207 0.0010232 0.0015521 0.0075187 0.0073917 0.0080810 0.0071202 0.0014426 0.0069453 0.0018468 
England_NORW-22D1CC_2021 0.0054897 0.0020489 0.0000000 0.0016700 0.0013649 0.0018778 0.0011935 0.0018787 0.0022209 0.0023927 0.0020493 0.0067003 0.0010226 0.0017264 0.0029783 0.0020497 0.0013652 0.0029120 0.0001722 0.0018779 0.0015361 0.0017148 0.0020004 0.0022302 0.0027352 0.0020494 0.0020500 0.0020493 0.0000010 0.0018778 0.0070457 0.0010226 0.0012803 0.0023788 0.0020493 0.0018783 0.0015728 0.0025861 0.0018783 0.0018438 0.0017074 0.0017070 0.0018778 0.0015359 0.0046281 0.0017068 0.0022208 0.0013652 0.0020570 0.0017124 0.0018097 0.0015364 0.0015360 0.0020492 0.0018780 0.0018779 0.0017071 0.0020492 0.0017076 0.0018781 0.0077985 0.0018786 0.0017070 0.0015410 0.0008521 0.0008521 0.0025628 0.0012710 0.0017071 0.0018787 0.0019579 0.0015360 0.0015500 0.0015523 0.0010228 0.0024615 0.0015360 0.0020494 0.0013654 0.0014073 0.0017076 0.0017434 0.0020615 0.0015367 0.0013654 0.0015360 0.0020045 0.0025828 0.0018786 0.0012205 0.0067383 0.0073916 0.0020515 0.0018788 0.0018867 0.0015360 0.0021799 0.0015394 0.0018783 0.0019362 0.0017071 0.0015987 0.0013652 0.0017072 0.0023923 0.0018812 0.0013651 0.0022206 0.0013649 0.0018784 0.0068718 0.0020507 0.0015484 0.0023921 0.0068131 0.0018779 0.0011934 0.0013654 0.0018873 0.0072194 0.0018551 0.0015363 0.0017070 0.0018785 0.0015363 0.0011953 0.0013652 0.0017070 0.0018781 0.0015401 0.0015765 0.0017076 0.0078601 0.0072233 0.0013867 0.0020495 0.0071079 0.0015361 0.0017435 0.0018809 0.0018095 0.0018780 0.0022206 0.0010411 0.0018788 0.0027350 0.0017921 0.0068725 0.0072185 0.0018360 0.0027556 0.0012129 0.0003517 0.0018790 0.0070457 0.0015359 0.0072416 0.0018788 0.0013815 0.0010295 0.0015381 0.0018790 0.0017117 0.0073931 0.0017077 0.0029773 0.0018781 0.0023923 0.0012282 0.0011934 0.0027350 0.0017284 0.0015560 0.0072188 0.0077676 0.0015836 0.0080983 0.0017072 0.0013802 0.0072194 0.0012337 0.0011966 0.0011934 0.0017706 0.0012538 0.0012039 0.0018786 0.0018784 0.0017072 0.0012057 0.0071662 0.0070452 0.0077267 0.0067703 0.0010806 0.0065955 0.0016619 
England_NORW-22D162_2021 0.0055953 0.0009267 0.0016700 0.0000000 0.0012984 0.0018559 0.0011121 0.0018569 0.0022289 0.0024157 0.0009269 0.0069118 0.0009264 0.0005566 0.0026788 0.0020427 0.0012987 0.0029742 0.0014840 0.0018559 0.0012987 0.0016702 0.0007514 0.0020420 0.0027880 0.0009269 0.0020431 0.0009269 0.0016700 0.0007412 0.0070996 0.0009264 0.0013309 0.0024622 0.0007413 0.0007414 0.0012986 0.0024714 0.0005559 0.0013414 0.0016702 0.0016702 0.0007412 0.0011120 0.0045565 0.0016699 0.0020427 0.0014842 0.0018584 0.0016702 0.0015082 0.0014847 0.0012987 0.0020422 0.0018561 0.0018560 0.0016702 0.0020422 0.0016709 0.0018561 0.0081088 0.0018568 0.0016702 0.0018558 0.0007410 0.0007410 0.0026006 0.0007561 0.0016702 0.0018568 0.0018918 0.0014842 0.0011205 0.0014841 0.0012985 0.0024456 0.0014843 0.0018561 0.0012988 0.0013160 0.0016709 0.0016820 0.0020420 0.0014842 0.0012989 0.0012987 0.0015214 0.0026019 0.0018567 0.0007452 0.0069115 0.0074756 0.0020424 0.0018569 0.0018566 0.0009266 0.0007595 0.0014877 0.0016706 0.0022524 0.0016703 0.0015084 0.0009266 0.0014846 0.0022288 0.0018587 0.0009265 0.0022285 0.0012984 0.0016706 0.0069105 0.0020438 0.0014844 0.0024150 0.0069473 0.0018559 0.0011121 0.0012989 0.0022399 0.0072884 0.0015469 0.0014846 0.0016702 0.0016708 0.0014846 0.0011136 0.0009266 0.0016702 0.0018561 0.0014844 0.0015004 0.0012991 0.0077105 0.0072927 0.0012989 0.0020425 0.0071006 0.0014844 0.0016707 0.0022284 0.0005634 0.0018561 0.0022286 0.0009268 0.0018569 0.0027879 0.0017036 0.0069113 0.0072874 0.0017115 0.0028107 0.0011124 0.0016840 0.0018572 0.0070995 0.0014842 0.0071058 0.0018569 0.0011122 0.0009331 0.0012987 0.0018564 0.0016702 0.0074773 0.0016709 0.0026975 0.0018562 0.0012995 0.0011145 0.0007411 0.0027879 0.0016705 0.0012989 0.0072877 0.0078555 0.0015039 0.0082307 0.0005559 0.0012991 0.0072879 0.0011168 0.0011120 0.0007411 0.0016809 0.0011267 0.0007411 0.0018567 0.0016706 0.0005559 0.0009265 0.0072877 0.0070990 0.0077388 0.0069899 0.0009334 0.0067229 0.0015327 
England_NORW-22B37D_2021 0.0051447 0.0017068 0.0013649 0.0012984 0.0000000 0.0015358 0.0008522 0.0015366 0.0018785 0.0020501 0.0017072 0.0063543 0.0006815 0.0013806 0.0026050 0.0017074 0.0010227 0.0025684 0.0012064 0.0015359 0.0011933 0.0013714 0.0018180 0.0018864 0.0023924 0.0017072 0.0017077 0.0017072 0.0013732 0.0015358 0.0066995 0.0006815 0.0000010 0.0021953 0.0017071 0.0015362 0.0012228 0.0022158 0.0015362 0.0014745 0.0013654 0.0013651 0.0015358 0.0011932 0.0042705 0.0013649 0.0018784 0.0013650 0.0017136 0.0013694 0.0014472 0.0011935 0.0011933 0.0017070 0.0015360 0.0015359 0.0013651 0.0017070 0.0013656 0.0015361 0.0074491 0.0015365 0.0013651 0.0015408 0.0005111 0.0005111 0.0022203 0.0009067 0.0013651 0.0015365 0.0016013 0.0011932 0.0012041 0.0012059 0.0010226 0.0021090 0.0011933 0.0017072 0.0010228 0.0010542 0.0013656 0.0013942 0.0017173 0.0011938 0.0010229 0.0011933 0.0016394 0.0022376 0.0015365 0.0008707 0.0063904 0.0070451 0.0017090 0.0015366 0.0015431 0.0011932 0.0018159 0.0011959 0.0015362 0.0019359 0.0013652 0.0012429 0.0010226 0.0013653 0.0020497 0.0015386 0.0010226 0.0018782 0.0010225 0.0015363 0.0065257 0.0017083 0.0012029 0.0020496 0.0064613 0.0015359 0.0008522 0.0010229 0.0018870 0.0068730 0.0016691 0.0011935 0.0013651 0.0015364 0.0011935 0.0008535 0.0010226 0.0013651 0.0015361 0.0011964 0.0012257 0.0013656 0.0074999 0.0068768 0.0010388 0.0017073 0.0067586 0.0011933 0.0013943 0.0018807 0.0014471 0.0015360 0.0018783 0.0006938 0.0015366 0.0023923 0.0014332 0.0065264 0.0068722 0.0014682 0.0024103 0.0008661 0.0014088 0.0015368 0.0066995 0.0011932 0.0068674 0.0015366 0.0010349 0.0006861 0.0011949 0.0015368 0.0013688 0.0070466 0.0013656 0.0026041 0.0015361 0.0020498 0.0008763 0.0008521 0.0023923 0.0013822 0.0012087 0.0068724 0.0074196 0.0012312 0.0077508 0.0013652 0.0010339 0.0068731 0.0008802 0.0008544 0.0008521 0.0014159 0.0008945 0.0008596 0.0015364 0.0015363 0.0013653 0.0008609 0.0068140 0.0066990 0.0073727 0.0064206 0.0007201 0.0062460 0.0001843 
England_NORW-22D2C9_2021 0.0056623 0.0022201 0.0018778 0.0018559 0.0015358 0.0000000 0.0010227 0.0013656 0.0017075 0.0018790 0.0022205 0.0068733 0.0011933 0.0018993 0.0024185 0.0022209 0.0011932 0.0023968 0.0017258 0.0003407 0.0017071 0.0015429 0.0023648 0.0013710 0.0022211 0.0022206 0.0022212 0.0022205 0.0018891 0.0020489 0.0072188 0.0011933 0.0016467 0.0009129 0.0022205 0.0020494 0.0017478 0.0020308 0.0020494 0.0016589 0.0015362 0.0015358 0.0020489 0.0017069 0.0044487 0.0015356 0.0017074 0.0018778 0.0018850 0.0018840 0.0019910 0.0017074 0.0017070 0.0018778 0.0020491 0.0017067 0.0015359 0.0018778 0.0018787 0.0020492 0.0081476 0.0017073 0.0015359 0.0020555 0.0010227 0.0010227 0.0027341 0.0014528 0.0015359 0.0017074 0.0021362 0.0013649 0.0017225 0.0017251 0.0015360 0.0019330 0.0017070 0.0018781 0.0015363 0.0015834 0.0018787 0.0019181 0.0018891 0.0013656 0.0011934 0.0017070 0.0021871 0.0020651 0.0017073 0.0013951 0.0069123 0.0075648 0.0018800 0.0020499 0.0017146 0.0017070 0.0023620 0.0015393 0.0020494 0.0024653 0.0015359 0.0017766 0.0015361 0.0015360 0.0022207 0.0017096 0.0015360 0.0023918 0.0015358 0.0017071 0.0070448 0.0018792 0.0017208 0.0022206 0.0069891 0.0017066 0.0010226 0.0011934 0.0024030 0.0073925 0.0022268 0.0013652 0.0015358 0.0013655 0.0013652 0.0010242 0.0015361 0.0015358 0.0017068 0.0013686 0.0014009 0.0018787 0.0080402 0.0073966 0.0012120 0.0011933 0.0072825 0.0013650 0.0019182 0.0023949 0.0019909 0.0020491 0.0023918 0.0012149 0.0020499 0.0022210 0.0019717 0.0070456 0.0073917 0.0020200 0.0022377 0.0010393 0.0019381 0.0017077 0.0072188 0.0013648 0.0074287 0.0020499 0.0012074 0.0012013 0.0017093 0.0010230 0.0015400 0.0075663 0.0015364 0.0031640 0.0017068 0.0025636 0.0010516 0.0013652 0.0022210 0.0015551 0.0013827 0.0073919 0.0079417 0.0014072 0.0082721 0.0018782 0.0012063 0.0073926 0.0010563 0.0013690 0.0013652 0.0015930 0.0010735 0.0013773 0.0017073 0.0017071 0.0018783 0.0010332 0.0073423 0.0072183 0.0079037 0.0069451 0.0009002 0.0067703 0.0018469 
England_NORW-22D1BD_2021 0.0049737 0.0015363 0.0011935 0.0011121 0.0008522 0.0010227 0.0000000 0.0010232 0.0013657 0.0015370 0.0015366 0.0061832 0.0005112 0.0012071 0.0020459 0.0015368 0.0005112 0.0020539 0.0010341 0.0010227 0.0010229 0.0008561 0.0016364 0.0013714 0.0018790 0.0015366 0.0015371 0.0015366 0.0012006 0.0013653 0.0065284 0.0005112 0.0009136 0.0016458 0.0015366 0.0013657 0.0010474 0.0016611 0.0013657 0.0009204 0.0008524 0.0008522 0.0013653 0.0010228 0.0037352 0.0008520 0.0013656 0.0011935 0.0011980 0.0011974 0.0012664 0.0010231 0.0010229 0.0011935 0.0013655 0.0010227 0.0008522 0.0011935 0.0011940 0.0013655 0.0074508 0.0010231 0.0008522 0.0013697 0.0003407 0.0003407 0.0020497 0.0007255 0.0008522 0.0010231 0.0014235 0.0006816 0.0010322 0.0010337 0.0008523 0.0015812 0.0010229 0.0011936 0.0008524 0.0008786 0.0011940 0.0012200 0.0012006 0.0006819 0.0005112 0.0010229 0.0014574 0.0017205 0.0010231 0.0006967 0.0062183 0.0068740 0.0011948 0.0013660 0.0010275 0.0010229 0.0016345 0.0008541 0.0013656 0.0017601 0.0008522 0.0010646 0.0008523 0.0008523 0.0015367 0.0010245 0.0008522 0.0017077 0.0008522 0.0010229 0.0063546 0.0011943 0.0010311 0.0015366 0.0062873 0.0010227 0.0003407 0.0005112 0.0017156 0.0067018 0.0014838 0.0006817 0.0008521 0.0010230 0.0006817 0.0003413 0.0008523 0.0008521 0.0010228 0.0006834 0.0006995 0.0011940 0.0073221 0.0067055 0.0005192 0.0011937 0.0065859 0.0006816 0.0012201 0.0017099 0.0012663 0.0013655 0.0017077 0.0005204 0.0013660 0.0018789 0.0012541 0.0063553 0.0067010 0.0012848 0.0018931 0.0003463 0.0012328 0.0010233 0.0065283 0.0006815 0.0066826 0.0013660 0.0005172 0.0005146 0.0010243 0.0010233 0.0008545 0.0068754 0.0008525 0.0024184 0.0010228 0.0018791 0.0003504 0.0006817 0.0018789 0.0008628 0.0006904 0.0067013 0.0072478 0.0007027 0.0075793 0.0011937 0.0005168 0.0067019 0.0003519 0.0006836 0.0006817 0.0008839 0.0003577 0.0006878 0.0010231 0.0010230 0.0011937 0.0003442 0.0066400 0.0065279 0.0071979 0.0062477 0.0001800 0.0060731 0.0011067 
England_NORW-22D36C_2021 0.0056651 0.0022212 0.0018787 0.0018569 0.0015366 0.0013656 0.0010232 0.0000000 0.0010228 0.0011938 0.0022216 0.0068767 0.0011938 0.0019003 0.0016729 0.0022220 0.0011938 0.0017106 0.0017266 0.0013657 0.0017079 0.0015437 0.0023660 0.0017155 0.0015365 0.0022217 0.0022223 0.0022216 0.0018901 0.0020499 0.0072224 0.0011938 0.0016476 0.0020130 0.0022216 0.0020504 0.0017487 0.0012912 0.0020504 0.0016598 0.0015369 0.0015366 0.0020499 0.0017077 0.0044510 0.0015364 0.0017082 0.0018788 0.0018860 0.0018849 0.0019920 0.0017082 0.0017079 0.0018787 0.0020501 0.0017075 0.0015366 0.0018788 0.0018796 0.0020502 0.0081517 0.0017082 0.0015366 0.0020565 0.0010232 0.0010232 0.0027355 0.0014536 0.0015366 0.0017082 0.0021373 0.0013656 0.0017233 0.0017259 0.0015368 0.0012291 0.0017079 0.0018790 0.0015371 0.0015842 0.0018796 0.0019190 0.0018900 0.0013663 0.0011940 0.0017079 0.0021883 0.0013756 0.0017082 0.0013958 0.0069158 0.0075686 0.0018809 0.0020509 0.0017155 0.0017078 0.0023633 0.0015401 0.0020504 0.0024666 0.0015367 0.0017775 0.0015368 0.0015368 0.0022218 0.0017105 0.0015367 0.0023930 0.0015366 0.0017079 0.0070483 0.0018801 0.0017216 0.0022217 0.0069926 0.0017075 0.0010231 0.0011940 0.0024042 0.0073962 0.0022280 0.0013659 0.0015366 0.0013661 0.0013659 0.0010247 0.0015368 0.0015366 0.0017077 0.0013692 0.0014016 0.0018796 0.0080444 0.0074003 0.0012126 0.0015371 0.0072862 0.0013657 0.0019192 0.0023961 0.0019919 0.0020501 0.0023930 0.0012165 0.0020510 0.0015364 0.0019727 0.0070491 0.0073953 0.0020211 0.0015480 0.0010398 0.0019391 0.0017085 0.0072224 0.0013655 0.0074327 0.0020510 0.0012080 0.0012019 0.0017101 0.0013665 0.0015408 0.0075701 0.0015372 0.0031657 0.0017077 0.0025649 0.0010521 0.0013659 0.0015364 0.0015558 0.0013833 0.0073956 0.0079456 0.0014079 0.0082762 0.0018791 0.0012069 0.0073963 0.0010568 0.0013696 0.0013659 0.0015938 0.0010740 0.0013780 0.0017081 0.0017079 0.0018792 0.0010337 0.0073460 0.0072219 0.0079078 0.0069486 0.0009007 0.0067737 0.0018479 
England_NORW-22463F_2021 0.0060100 0.0025636 0.0022209 0.0022289 0.0018785 0.0017075 0.0013657 0.0010228 0.0000000 0.0015365 0.0025641 0.0072225 0.0015366 0.0022464 0.0020452 0.0022221 0.0015366 0.0020533 0.0020725 0.0017075 0.0020500 0.0018872 0.0027308 0.0020591 0.0018784 0.0025642 0.0025649 0.0025641 0.0022343 0.0023922 0.0075684 0.0015366 0.0020143 0.0023797 0.0025640 0.0023928 0.0020990 0.0016606 0.0023928 0.0020292 0.0018790 0.0018786 0.0023922 0.0020498 0.0048084 0.0018783 0.0020504 0.0022210 0.0022295 0.0022282 0.0023549 0.0020504 0.0020500 0.0022209 0.0023924 0.0020496 0.0018786 0.0022210 0.0022220 0.0023926 0.0085009 0.0020504 0.0018786 0.0023999 0.0013657 0.0013657 0.0030782 0.0018175 0.0018786 0.0020504 0.0024942 0.0017074 0.0020686 0.0020717 0.0018788 0.0015806 0.0020500 0.0022212 0.0018791 0.0019368 0.0022220 0.0022686 0.0022343 0.0017083 0.0015368 0.0020500 0.0025537 0.0017200 0.0020503 0.0017452 0.0072635 0.0079147 0.0022235 0.0023934 0.0020591 0.0020499 0.0027276 0.0018828 0.0023928 0.0028197 0.0018787 0.0021336 0.0018788 0.0018788 0.0025643 0.0020531 0.0018787 0.0027356 0.0018785 0.0020500 0.0073941 0.0022226 0.0020665 0.0025641 0.0073443 0.0020495 0.0013657 0.0015368 0.0027484 0.0077423 0.0026001 0.0017078 0.0018785 0.0017081 0.0017078 0.0013678 0.0018788 0.0018785 0.0020498 0.0017120 0.0017524 0.0022220 0.0084043 0.0077466 0.0015608 0.0018791 0.0076352 0.0017075 0.0022687 0.0027391 0.0023547 0.0023924 0.0027356 0.0015645 0.0023934 0.0018783 0.0023321 0.0073949 0.0077414 0.0023892 0.0018924 0.0013880 0.0022923 0.0020508 0.0075683 0.0017073 0.0078066 0.0023934 0.0015549 0.0015470 0.0020527 0.0017085 0.0018837 0.0079163 0.0018793 0.0035392 0.0020498 0.0029076 0.0014043 0.0017078 0.0018783 0.0019021 0.0017296 0.0077417 0.0082933 0.0017604 0.0086234 0.0022214 0.0015535 0.0077424 0.0014107 0.0017125 0.0017078 0.0019486 0.0014336 0.0017230 0.0020503 0.0020501 0.0022215 0.0013797 0.0076979 0.0075679 0.0082615 0.0072980 0.0012624 0.0071230 0.0022181 
England_NORW-22465D_2021 0.0061842 0.0027356 0.0023927 0.0024157 0.0020501 0.0018790 0.0015370 0.0011938 0.0015365 0.0000000 0.0027361 0.0073975 0.0017080 0.0024202 0.0022321 0.0027366 0.0017080 0.0022253 0.0022461 0.0018790 0.0022217 0.0020596 0.0029141 0.0022316 0.0020500 0.0027362 0.0027370 0.0027361 0.0024071 0.0025641 0.0077435 0.0017080 0.0021983 0.0025639 0.0027361 0.0025647 0.0022749 0.0000010 0.0025647 0.0022146 0.0020506 0.0020502 0.0025641 0.0022215 0.0049886 0.0020498 0.0022222 0.0023927 0.0024019 0.0024006 0.0025371 0.0022222 0.0022217 0.0023927 0.0025643 0.0022212 0.0020502 0.0023927 0.0023939 0.0025645 0.0086779 0.0022221 0.0020502 0.0025723 0.0015370 0.0015370 0.0032505 0.0020001 0.0020502 0.0022222 0.0026735 0.0018789 0.0022418 0.0022452 0.0020504 0.0017570 0.0022217 0.0023930 0.0020508 0.0021138 0.0023939 0.0024441 0.0024071 0.0018798 0.0017083 0.0022217 0.0027373 0.0001716 0.0022221 0.0019205 0.0074395 0.0080900 0.0023955 0.0025654 0.0022316 0.0022216 0.0029107 0.0020548 0.0025647 0.0029972 0.0020503 0.0023124 0.0020505 0.0020504 0.0027363 0.0022251 0.0020503 0.0029077 0.0020501 0.0022218 0.0075691 0.0023945 0.0022396 0.0027362 0.0075222 0.0022212 0.0015370 0.0017083 0.0029213 0.0079176 0.0027870 0.0018793 0.0020501 0.0018797 0.0018793 0.0015394 0.0020505 0.0020501 0.0022215 0.0018840 0.0019285 0.0023938 0.0085867 0.0079219 0.0017349 0.0020508 0.0078119 0.0018790 0.0024443 0.0029114 0.0025369 0.0025643 0.0029077 0.0017390 0.0025654 0.0020499 0.0025125 0.0075699 0.0079166 0.0025741 0.0020653 0.0015621 0.0024697 0.0022225 0.0077435 0.0018788 0.0079959 0.0025654 0.0017284 0.0017196 0.0022247 0.0018801 0.0020557 0.0080917 0.0020510 0.0037271 0.0022215 0.0030799 0.0015805 0.0018793 0.0020499 0.0020758 0.0019034 0.0079169 0.0081220 0.0019372 0.0087994 0.0023932 0.0017268 0.0079176 0.0015876 0.0018845 0.0018793 0.0021266 0.0016135 0.0018960 0.0022220 0.0022218 0.0023933 0.0015528 0.0078761 0.0077430 0.0084407 0.0074748 0.0014433 0.0072997 0.0024040 
England_NORW-22D205_2021 0.0058362 0.0013658 0.0020493 0.0009269 0.0017072 0.0022205 0.0015366 0.0022216 0.0025641 0.0027361 0.0000000 0.0070480 0.0013654 0.0003446 0.0033527 0.0023927 0.0017075 0.0032564 0.0018991 0.0022206 0.0018785 0.0020590 0.0007259 0.0025748 0.0030788 0.0013661 0.0023930 0.0000010 0.0020617 0.0011938 0.0073937 0.0013654 0.0018304 0.0029300 0.0006817 0.0005112 0.0019234 0.0029574 0.0005112 0.0020292 0.0020500 0.0020496 0.0011939 0.0015364 0.0049871 0.0020493 0.0025639 0.0020494 0.0024013 0.0020561 0.0021729 0.0018789 0.0018785 0.0023920 0.0022207 0.0022206 0.0020496 0.0023921 0.0020503 0.0022209 0.0083243 0.0022215 0.0020496 0.0022277 0.0011936 0.0011936 0.0029061 0.0012714 0.0020496 0.0022215 0.0023152 0.0018784 0.0013778 0.0018983 0.0017074 0.0028148 0.0018785 0.0023924 0.0017077 0.0017601 0.0020503 0.0020933 0.0024064 0.0018793 0.0017078 0.0018785 0.0021878 0.0029288 0.0022215 0.0012209 0.0070880 0.0077398 0.0023948 0.0022216 0.0022310 0.0015365 0.0007251 0.0018826 0.0022211 0.0026425 0.0020497 0.0019551 0.0013656 0.0020498 0.0027356 0.0022245 0.0013655 0.0025637 0.0017072 0.0022211 0.0072195 0.0023938 0.0018936 0.0027354 0.0071667 0.0022206 0.0015366 0.0017078 0.0025757 0.0075675 0.0022275 0.0018788 0.0020495 0.0022214 0.0018788 0.0015390 0.0013656 0.0020495 0.0022208 0.0018834 0.0019279 0.0017082 0.0082223 0.0075717 0.0017344 0.0023924 0.0074589 0.0018785 0.0020935 0.0025670 0.0003611 0.0022207 0.0025637 0.0013901 0.0022217 0.0030787 0.0021519 0.0072203 0.0075666 0.0022046 0.0031019 0.0015617 0.0021152 0.0022219 0.0073936 0.0018783 0.0076177 0.0022217 0.0017279 0.0013746 0.0018810 0.0022219 0.0020552 0.0077414 0.0020504 0.0033516 0.0022208 0.0010231 0.0015801 0.0011938 0.0030787 0.0020753 0.0019028 0.0075669 0.0081176 0.0019367 0.0084478 0.0003407 0.0017263 0.0075676 0.0015872 0.0015407 0.0011938 0.0021260 0.0016130 0.0012044 0.0022214 0.0022212 0.0003407 0.0015524 0.0075202 0.0073931 0.0080827 0.0071216 0.0014429 0.0069467 0.0020325 
England_NORW-22B4C5_2021 0.0032480 0.0070466 0.0067003 0.0069118 0.0063543 0.0068733 0.0061832 0.0068767 0.0072225 0.0073975 0.0070480 0.0000000 0.0060093 0.0067776 0.0084366 0.0070492 0.0063557 0.0079314 0.0066003 0.0068735 0.0065283 0.0067321 0.0075091 0.0072528 0.0077433 0.0070482 0.0070503 0.0070480 0.0067409 0.0068733 0.0003404 0.0060093 0.0066293 0.0077377 0.0070479 0.0068751 0.0066853 0.0078104 0.0068751 0.0070535 0.0067026 0.0067011 0.0068733 0.0065276 0.0055246 0.0067001 0.0072220 0.0067004 0.0068995 0.0065477 0.0069220 0.0065296 0.0065281 0.0070473 0.0068740 0.0068736 0.0067013 0.0070474 0.0067035 0.0068744 0.0056992 0.0068764 0.0067012 0.0068956 0.0058369 0.0058369 0.0075669 0.0063968 0.0067013 0.0068765 0.0069864 0.0065278 0.0065877 0.0064216 0.0063551 0.0074317 0.0065281 0.0070482 0.0063564 0.0065526 0.0067035 0.0066668 0.0069145 0.0065311 0.0063567 0.0065281 0.0071539 0.0076264 0.0068763 0.0061411 0.0046500 0.0051387 0.0070555 0.0068767 0.0069060 0.0065279 0.0073144 0.0023967 0.0068750 0.0072647 0.0067015 0.0066147 0.0063553 0.0067019 0.0073960 0.0068856 0.0063548 0.0072213 0.0063543 0.0068753 0.0046220 0.0070525 0.0064055 0.0073955 0.0047015 0.0068735 0.0061831 0.0063567 0.0072553 0.0049672 0.0072846 0.0065293 0.0067009 0.0068760 0.0065293 0.0061928 0.0063553 0.0067009 0.0068743 0.0065455 0.0067011 0.0063582 0.0056975 0.0049699 0.0062796 0.0070485 0.0048368 0.0065283 0.0066674 0.0072307 0.0069215 0.0068740 0.0072215 0.0059419 0.0068769 0.0077430 0.0068545 0.0046225 0.0049666 0.0070233 0.0078016 0.0061078 0.0067370 0.0068777 0.0047947 0.0065274 0.0048104 0.0068769 0.0064319 0.0060503 0.0065369 0.0068775 0.0067194 0.0054836 0.0067037 0.0080546 0.0068744 0.0073961 0.0061803 0.0061827 0.0077430 0.0066091 0.0064369 0.0049667 0.0055040 0.0065520 0.0058376 0.0067016 0.0062499 0.0049672 0.0062082 0.0061998 0.0061827 0.0067715 0.0063098 0.0060623 0.0068761 0.0068754 0.0067019 0.0060714 0.0050523 0.0047944 0.0056011 0.0044978 0.0061686 0.0044982 0.0068781 
England_NORW-22D27E_2021 0.0048005 0.0013651 0.0010226 0.0009264 0.0006815 0.0011933 0.0005112 0.0011938 0.0015366 0.0017080 0.0013654 0.0060093 0.0000000 0.0010343 0.0022322 0.0013656 0.0006816 0.0022254 0.0008615 0.0011933 0.0008522 0.0010274 0.0014540 0.0015430 0.0020501 0.0013654 0.0013658 0.0013654 0.0010288 0.0011932 0.0063543 0.0000010 0.0007306 0.0018289 0.0013654 0.0011936 0.0008725 0.0018460 0.0011936 0.0011046 0.0010230 0.0010227 0.0011933 0.0008521 0.0039136 0.0010226 0.0015365 0.0010226 0.0013705 0.0010260 0.0010842 0.0008523 0.0008521 0.0013652 0.0011934 0.0011933 0.0010228 0.0013653 0.0010231 0.0011934 0.0072749 0.0011938 0.0010227 0.0011971 0.0001703 0.0001703 0.0018782 0.0005439 0.0010228 0.0011938 0.0012451 0.0008521 0.0008598 0.0005166 0.0006816 0.0017571 0.0005112 0.0013654 0.0006817 0.0003512 0.0010231 0.0010445 0.0013734 0.0008525 0.0006817 0.0008521 0.0012747 0.0018928 0.0011938 0.0005223 0.0060434 0.0066998 0.0013668 0.0011938 0.0011989 0.0008521 0.0014523 0.0008540 0.0011935 0.0015835 0.0010228 0.0008868 0.0006816 0.0010229 0.0017077 0.0011954 0.0006815 0.0015364 0.0003407 0.0011936 0.0061807 0.0013663 0.0008590 0.0017076 0.0061104 0.0011933 0.0005112 0.0006817 0.0015435 0.0065277 0.0012978 0.0008523 0.0010227 0.0011937 0.0008523 0.0005120 0.0006816 0.0010227 0.0011934 0.0008544 0.0008745 0.0010231 0.0071409 0.0065313 0.0006924 0.0013655 0.0064103 0.0008521 0.0010446 0.0015383 0.0010841 0.0011934 0.0015364 0.0003468 0.0011939 0.0020500 0.0010737 0.0061814 0.0065269 0.0010999 0.0020654 0.0005195 0.0010554 0.0011940 0.0063543 0.0008520 0.0064944 0.0011939 0.0006897 0.0000010 0.0008533 0.0011940 0.0010255 0.0067011 0.0010231 0.0022315 0.0011934 0.0017077 0.0005256 0.0005111 0.0020500 0.0010355 0.0008632 0.0065271 0.0070727 0.0008785 0.0074044 0.0010228 0.0006891 0.0065277 0.0005280 0.0001708 0.0005111 0.0010608 0.0005365 0.0005157 0.0011937 0.0011936 0.0010229 0.0005164 0.0064629 0.0063539 0.0070198 0.0060720 0.0003600 0.0058975 0.0009219 
England_NORW-22D180_2021 0.0055530 0.0010346 0.0017264 0.0005566 0.0013806 0.0018993 0.0012071 0.0019003 0.0022464 0.0024202 0.0003446 0.0067776 0.0010343 0.0000000 0.0029861 0.0020732 0.0013809 0.0029446 0.0015683 0.0018994 0.0015537 0.0017275 0.0003628 0.0022460 0.0027665 0.0010349 0.0020735 0.0003446 0.0017317 0.0008620 0.0071270 0.0010343 0.0014671 0.0025687 0.0003446 0.0001723 0.0015782 0.0025902 0.0001723 0.0016635 0.0017270 0.0017266 0.0008620 0.0012070 0.0046732 0.0017263 0.0022462 0.0017264 0.0020807 0.0017321 0.0018127 0.0015540 0.0015536 0.0020726 0.0018995 0.0018994 0.0017266 0.0020727 0.0017272 0.0018997 0.0080656 0.0019002 0.0017266 0.0019055 0.0008618 0.0008618 0.0025922 0.0009092 0.0017266 0.0019002 0.0019657 0.0015536 0.0010438 0.0015703 0.0013807 0.0024870 0.0015536 0.0020729 0.0013810 0.0014107 0.0017272 0.0017613 0.0020852 0.0015544 0.0013811 0.0015536 0.0018269 0.0025980 0.0019002 0.0008808 0.0068165 0.0073022 0.0020751 0.0019003 0.0019084 0.0012071 0.0003624 0.0015571 0.0018998 0.0023000 0.0017267 0.0016027 0.0010345 0.0017268 0.0024197 0.0019028 0.0010344 0.0022460 0.0013806 0.0018999 0.0069510 0.0020742 0.0015663 0.0024195 0.0068849 0.0018994 0.0012071 0.0013811 0.0022567 0.0073027 0.0018598 0.0015539 0.0017265 0.0019001 0.0015539 0.0012090 0.0010345 0.0017265 0.0018996 0.0015578 0.0015950 0.0013814 0.0079284 0.0073067 0.0014029 0.0020730 0.0071906 0.0015537 0.0017639 0.0022490 0.0000010 0.0018995 0.0022461 0.0010533 0.0019003 0.0027664 0.0018040 0.0067773 0.0073018 0.0018407 0.0027875 0.0012278 0.0017785 0.0019005 0.0071270 0.0015535 0.0072603 0.0019003 0.0013975 0.0010414 0.0015558 0.0019005 0.0017313 0.0074784 0.0017273 0.0029851 0.0018996 0.0006895 0.0012392 0.0008620 0.0027664 0.0017484 0.0015740 0.0071275 0.0078577 0.0016021 0.0081920 0.0000010 0.0013962 0.0071281 0.0012368 0.0012104 0.0008620 0.0017822 0.0012569 0.0008697 0.0019001 0.0018999 0.0000010 0.0010451 0.0070727 0.0069520 0.0078178 0.0068492 0.0010833 0.0066724 0.0016662 
England_NORW-22466C_2021 0.0071130 0.0031649 0.0029783 0.0026788 0.0026050 0.0024185 0.0020459 0.0016729 0.0020452 0.0022321 0.0033527 0.0084366 0.0022322 0.0029861 0.0000000 0.0033533 0.0022322 0.0014861 0.0027914 0.0024185 0.0027921 0.0026049 0.0034030 0.0027921 0.0013002 0.0031657 0.0033539 0.0033527 0.0029783 0.0031651 0.0088141 0.0022322 0.0026550 0.0028274 0.0033527 0.0031660 0.0027963 0.0022675 0.0031660 0.0026561 0.0026050 0.0026050 0.0029782 0.0027918 0.0054421 0.0026046 0.0024193 0.0027918 0.0027991 0.0029813 0.0030066 0.0027927 0.0027920 0.0029783 0.0031654 0.0024185 0.0026051 0.0027918 0.0029785 0.0031654 0.0098432 0.0027926 0.0026050 0.0029871 0.0020459 0.0020459 0.0039133 0.0022632 0.0026051 0.0027927 0.0030194 0.0024182 0.0026296 0.0026284 0.0026053 0.0020686 0.0027920 0.0027915 0.0024191 0.0024387 0.0029785 0.0030009 0.0029898 0.0024184 0.0022326 0.0027920 0.0030338 0.0024185 0.0027925 0.0024441 0.0082775 0.0091921 0.0029788 0.0031653 0.0028015 0.0027919 0.0034178 0.0026115 0.0031659 0.0035657 0.0026052 0.0026285 0.0026054 0.0026053 0.0031659 0.0027925 0.0026052 0.0035397 0.0026050 0.0027921 0.0086237 0.0029807 0.0028075 0.0033528 0.0084688 0.0027913 0.0020459 0.0022326 0.0035491 0.0090040 0.0030806 0.0024189 0.0026049 0.0020465 0.0024189 0.0020460 0.0026054 0.0026049 0.0027915 0.0024255 0.0022613 0.0029784 0.0092958 0.0088134 0.0020676 0.0026058 0.0086530 0.0024185 0.0028215 0.0035395 0.0028465 0.0031654 0.0035398 0.0020676 0.0031657 0.0013002 0.0028449 0.0086247 0.0090029 0.0028489 0.0013102 0.0018759 0.0028399 0.0026063 0.0088140 0.0024182 0.0084338 0.0029790 0.0020608 0.0022475 0.0027920 0.0024201 0.0024256 0.0090052 0.0026061 0.0040512 0.0027917 0.0037276 0.0018800 0.0024190 0.0013002 0.0024442 0.0022515 0.0090032 0.0095706 0.0022784 0.0099515 0.0029790 0.0020648 0.0090041 0.0018890 0.0022391 0.0024190 0.0024498 0.0018957 0.0024357 0.0027925 0.0024192 0.0029791 0.0016874 0.0087141 0.0088134 0.0087997 0.0085329 0.0016925 0.0083131 0.0026669 
England_NORW-22464E_2021 0.0058372 0.0023922 0.0020497 0.0020427 0.0017074 0.0022209 0.0015368 0.0022220 0.0022221 0.0027366 0.0023927 0.0070492 0.0013656 0.0020732 0.0033533 0.0000000 0.0017078 0.0032569 0.0018994 0.0022209 0.0015361 0.0020593 0.0025483 0.0025752 0.0030793 0.0023928 0.0023934 0.0023927 0.0020620 0.0022209 0.0073949 0.0013656 0.0018308 0.0029305 0.0023926 0.0022215 0.0015728 0.0029579 0.0022215 0.0022143 0.0020504 0.0020499 0.0022209 0.0018786 0.0049880 0.0020496 0.0025643 0.0020497 0.0024017 0.0017125 0.0018097 0.0018792 0.0015361 0.0023924 0.0022211 0.0022210 0.0020500 0.0023925 0.0017077 0.0022212 0.0083257 0.0022219 0.0020500 0.0022280 0.0011938 0.0011938 0.0025629 0.0016354 0.0020500 0.0022219 0.0019579 0.0018787 0.0018958 0.0018987 0.0017076 0.0028153 0.0018788 0.0023928 0.0017080 0.0017604 0.0017077 0.0017435 0.0024068 0.0018796 0.0017081 0.0015361 0.0020046 0.0029293 0.0022218 0.0015704 0.0070892 0.0077411 0.0023952 0.0018788 0.0022314 0.0018787 0.0025453 0.0018829 0.0018784 0.0026429 0.0020500 0.0015987 0.0017077 0.0020502 0.0027360 0.0022248 0.0017076 0.0025641 0.0017074 0.0022215 0.0072207 0.0023942 0.0015485 0.0027359 0.0071680 0.0022209 0.0015368 0.0017081 0.0025761 0.0075688 0.0024139 0.0018791 0.0020499 0.0022217 0.0018791 0.0015392 0.0017077 0.0020499 0.0022212 0.0018837 0.0019283 0.0020506 0.0082238 0.0075730 0.0017347 0.0023928 0.0074602 0.0018788 0.0020938 0.0025674 0.0021731 0.0022211 0.0022207 0.0013904 0.0018789 0.0030792 0.0017922 0.0072215 0.0075679 0.0018361 0.0031024 0.0015619 0.0021156 0.0022223 0.0073949 0.0018786 0.0076191 0.0018789 0.0017282 0.0013749 0.0015382 0.0022222 0.0020555 0.0077427 0.0020507 0.0029775 0.0022212 0.0027361 0.0015804 0.0015367 0.0030792 0.0020756 0.0019032 0.0075682 0.0081190 0.0019370 0.0084492 0.0020501 0.0017266 0.0075688 0.0015874 0.0015409 0.0015367 0.0021263 0.0016133 0.0015504 0.0022218 0.0022216 0.0020502 0.0015527 0.0075215 0.0073944 0.0080841 0.0071228 0.0014431 0.0069479 0.0020328 
England_NORW-22B085_2021 0.0051458 0.0017072 0.0013652 0.0012987 0.0010227 0.0011932 0.0005112 0.0011938 0.0015366 0.0017080 0.0017075 0.0063557 0.0006816 0.0013809 0.0022322 0.0017078 0.0000000 0.0022254 0.0012066 0.0011933 0.0011936 0.0010274 0.0018184 0.0015430 0.0020501 0.0017076 0.0017081 0.0017075 0.0013735 0.0015361 0.0067010 0.0006816 0.0010965 0.0018289 0.0017075 0.0015365 0.0012231 0.0018459 0.0015365 0.0011046 0.0010229 0.0010227 0.0015362 0.0011934 0.0039135 0.0010226 0.0015365 0.0013652 0.0013705 0.0013697 0.0014475 0.0011938 0.0011935 0.0013652 0.0015363 0.0011933 0.0010227 0.0013652 0.0013659 0.0015364 0.0076249 0.0011938 0.0010227 0.0015411 0.0005112 0.0005112 0.0022207 0.0009069 0.0010227 0.0011938 0.0016016 0.0008521 0.0012043 0.0012062 0.0010228 0.0017571 0.0011935 0.0013654 0.0010230 0.0010544 0.0013659 0.0013945 0.0013734 0.0008525 0.0006817 0.0011935 0.0016398 0.0018928 0.0011937 0.0008709 0.0063917 0.0070467 0.0013668 0.0015369 0.0011989 0.0011935 0.0018163 0.0010250 0.0015365 0.0019364 0.0010228 0.0012432 0.0010229 0.0010228 0.0017077 0.0011954 0.0010228 0.0018786 0.0010227 0.0011936 0.0065271 0.0013662 0.0012031 0.0017076 0.0064627 0.0011933 0.0005112 0.0006817 0.0018874 0.0068745 0.0016695 0.0008523 0.0010227 0.0011937 0.0008523 0.0005119 0.0010229 0.0010227 0.0011934 0.0008544 0.0008745 0.0013659 0.0075016 0.0068783 0.0006924 0.0013655 0.0067600 0.0008521 0.0013946 0.0018811 0.0014474 0.0015363 0.0018787 0.0006940 0.0015369 0.0020500 0.0014335 0.0065278 0.0068737 0.0014686 0.0020654 0.0005195 0.0014091 0.0011940 0.0067009 0.0008520 0.0068690 0.0015369 0.0006897 0.0006863 0.0011951 0.0011940 0.0010255 0.0070481 0.0010231 0.0026047 0.0011934 0.0020502 0.0005256 0.0008523 0.0020500 0.0010355 0.0008632 0.0068739 0.0074212 0.0008785 0.0077525 0.0013655 0.0006891 0.0068745 0.0005280 0.0008546 0.0008523 0.0010608 0.0005365 0.0008598 0.0011937 0.0011936 0.0013656 0.0005164 0.0068155 0.0067005 0.0073743 0.0064220 0.0003600 0.0062474 0.0012924 
England_NORW-22D302_2021 0.0067146 0.0032558 0.0029120 0.0029742 0.0025684 0.0023968 0.0020539 0.0017106 0.0020533 0.0022253 0.0032564 0.0079314 0.0022254 0.0029446 0.0014861 0.0032569 0.0022254 0.0000000 0.0027707 0.0023968 0.0027406 0.0025803 0.0034617 0.0027517 0.0001707 0.0032565 0.0032574 0.0032564 0.0029295 0.0030838 0.0082783 0.0022254 0.0027488 0.0031143 0.0032564 0.0030846 0.0028008 0.0024005 0.0030846 0.0027692 0.0025690 0.0025684 0.0030838 0.0027403 0.0055308 0.0025680 0.0027411 0.0029120 0.0029232 0.0029216 0.0030818 0.0027411 0.0027405 0.0029119 0.0030841 0.0027399 0.0025685 0.0029120 0.0029134 0.0030843 0.0092194 0.0027410 0.0025685 0.0030937 0.0020539 0.0020539 0.0037722 0.0025464 0.0025685 0.0027411 0.0032141 0.0023967 0.0027654 0.0027696 0.0025687 0.0022893 0.0027405 0.0029123 0.0025692 0.0026463 0.0029134 0.0029746 0.0029295 0.0023979 0.0022257 0.0027405 0.0032858 0.0024144 0.0027410 0.0024499 0.0079765 0.0086258 0.0029153 0.0030853 0.0027528 0.0027404 0.0034576 0.0025743 0.0030845 0.0035272 0.0025686 0.0028494 0.0025688 0.0025687 0.0032567 0.0027447 0.0025686 0.0034285 0.0025684 0.0027406 0.0081034 0.0029141 0.0027626 0.0032565 0.0080496 0.0027399 0.0020539 0.0022257 0.0034446 0.0084529 0.0033456 0.0023972 0.0025684 0.0023977 0.0023972 0.0020571 0.0025688 0.0025684 0.0027402 0.0024031 0.0024601 0.0029133 0.0091447 0.0084576 0.0022605 0.0025692 0.0083516 0.0023968 0.0029748 0.0034329 0.0030816 0.0030841 0.0034285 0.0022659 0.0030854 0.0001706 0.0030581 0.0081043 0.0084519 0.0031267 0.0001719 0.0020875 0.0030058 0.0027415 0.0082783 0.0023965 0.0085567 0.0030854 0.0022520 0.0022405 0.0027442 0.0023983 0.0025754 0.0086276 0.0025694 0.0042876 0.0027402 0.0036013 0.0021122 0.0023972 0.0001706 0.0026007 0.0024280 0.0084522 0.0090084 0.0024712 0.0093380 0.0029125 0.0022499 0.0084530 0.0021199 0.0024038 0.0023972 0.0026644 0.0021520 0.0024185 0.0027409 0.0027407 0.0029126 0.0020751 0.0084204 0.0082778 0.0089889 0.0080145 0.0019852 0.0078389 0.0029597 
England_NORW-22D1AE_2021 0.0053766 0.0018987 0.0001722 0.0014840 0.0012064 0.0017258 0.0010341 0.0017266 0.0020725 0.0022461 0.0018991 0.0066003 0.0008615 0.0015683 0.0027914 0.0018994 0.0012066 0.0027707 0.0000000 0.0017258 0.0013803 0.0015578 0.0018180 0.0020778 0.0025923 0.0018992 0.0018997 0.0018991 0.0001728 0.0017258 0.0069495 0.0008615 0.0010966 0.0022102 0.0018991 0.0017262 0.0013993 0.0024008 0.0017262 0.0016608 0.0015535 0.0015531 0.0017258 0.0013802 0.0044876 0.0015529 0.0018994 0.0012066 0.0019063 0.0015581 0.0016417 0.0013806 0.0013803 0.0018989 0.0017260 0.0017258 0.0015531 0.0018990 0.0015537 0.0017260 0.0077098 0.0017265 0.0015531 0.0013848 0.0006891 0.0006891 0.0024181 0.0010963 0.0015531 0.0017266 0.0017946 0.0013802 0.0013929 0.0013951 0.0008616 0.0023064 0.0013803 0.0018992 0.0012068 0.0012418 0.0015537 0.0015814 0.0019105 0.0013809 0.0012068 0.0013803 0.0018354 0.0024288 0.0017265 0.0010550 0.0066382 0.0072991 0.0019011 0.0017266 0.0017340 0.0013802 0.0020142 0.0013834 0.0017262 0.0017770 0.0015532 0.0014321 0.0012066 0.0015533 0.0022457 0.0017289 0.0012065 0.0020722 0.0012064 0.0017263 0.0067737 0.0019003 0.0013909 0.0022455 0.0066955 0.0017258 0.0010341 0.0012068 0.0017346 0.0071250 0.0016818 0.0013805 0.0015531 0.0015536 0.0013805 0.0010356 0.0012066 0.0015531 0.0017260 0.0013840 0.0014033 0.0015536 0.0076809 0.0071290 0.0012230 0.0018992 0.0069767 0.0013803 0.0015747 0.0017287 0.0016282 0.0017260 0.0020722 0.0008731 0.0017267 0.0025922 0.0016135 0.0067744 0.0071242 0.0016520 0.0026119 0.0010463 0.0001759 0.0017269 0.0069494 0.0013801 0.0070540 0.0017267 0.0012200 0.0008674 0.0013822 0.0017268 0.0015574 0.0073006 0.0015537 0.0027905 0.0017260 0.0022457 0.0010529 0.0010341 0.0025922 0.0015723 0.0013949 0.0071244 0.0076664 0.0014173 0.0080134 0.0015532 0.0012210 0.0071251 0.0010626 0.0010369 0.0010341 0.0015931 0.0010735 0.0010433 0.0017265 0.0017263 0.0015533 0.0010449 0.0070353 0.0069490 0.0076360 0.0066700 0.0009003 0.0064892 0.0014769 
England_NORW-22D34E_2021 0.0056624 0.0022201 0.0018779 0.0018559 0.0015359 0.0003407 0.0010227 0.0013657 0.0017075 0.0018790 0.0022206 0.0068735 0.0011933 0.0018994 0.0024185 0.0022209 0.0011933 0.0023968 0.0017258 0.0000000 0.0017071 0.0015429 0.0023649 0.0013711 0.0022212 0.0022206 0.0022213 0.0022206 0.0018892 0.0020489 0.0072190 0.0011933 0.0016467 0.0009129 0.0022205 0.0020495 0.0017479 0.0020308 0.0020495 0.0016589 0.0015362 0.0015359 0.0020490 0.0017069 0.0044488 0.0015356 0.0017074 0.0018779 0.0018851 0.0018840 0.0019911 0.0017074 0.0017071 0.0018779 0.0020492 0.0017067 0.0015359 0.0018779 0.0018788 0.0020493 0.0081478 0.0017074 0.0015359 0.0020555 0.0010227 0.0010227 0.0027342 0.0014528 0.0015359 0.0017074 0.0021363 0.0013649 0.0017225 0.0017251 0.0015360 0.0019330 0.0017071 0.0018781 0.0015364 0.0015835 0.0018788 0.0019181 0.0018891 0.0013656 0.0011934 0.0017071 0.0021872 0.0020651 0.0017074 0.0013951 0.0069125 0.0075650 0.0018800 0.0020500 0.0017147 0.0017070 0.0023621 0.0015394 0.0020494 0.0024654 0.0015360 0.0017767 0.0015361 0.0015361 0.0022208 0.0017097 0.0015360 0.0023919 0.0015359 0.0017071 0.0070450 0.0018793 0.0017208 0.0022206 0.0069893 0.0017067 0.0010227 0.0011934 0.0024031 0.0073927 0.0022269 0.0013652 0.0015358 0.0013655 0.0013652 0.0010243 0.0015361 0.0015358 0.0017069 0.0013686 0.0014009 0.0018787 0.0080404 0.0073968 0.0012120 0.0011934 0.0072827 0.0013650 0.0019183 0.0023949 0.0019909 0.0020492 0.0023919 0.0012149 0.0020500 0.0022211 0.0019718 0.0070457 0.0073918 0.0020200 0.0022378 0.0010394 0.0019382 0.0017077 0.0072190 0.0013648 0.0074289 0.0020500 0.0012075 0.0012014 0.0017093 0.0010230 0.0015401 0.0075665 0.0015365 0.0031641 0.0017069 0.0025637 0.0010516 0.0013652 0.0022211 0.0015551 0.0013827 0.0073921 0.0079418 0.0014072 0.0082723 0.0018782 0.0012064 0.0073928 0.0010563 0.0013690 0.0013652 0.0015931 0.0010735 0.0013773 0.0017073 0.0017072 0.0018783 0.0010332 0.0073425 0.0072185 0.0079039 0.0069453 0.0009002 0.0067705 0.0018469 
